#Total No. of Collocate Types: 907
#Total No. of Collocate Tokens: 39536
1	26	26	0	14.59029	kyj
2	82	0	82	14.59029	joustinja
3	14	14	0	14.59029	aurinkoisä
4	71	71	0	14.57012	viikkopiletti
5	83	0	83	14.55594	jouhipatja
6	14	0	14	14.07572	yhtiötalo
7	103	0	103	13.64017	kuosi
8	35	34	1	13.56983	pellervo
9	101	0	101	13.24850	ihana
10	64	64	0	13.16403	kultakello
11	114	1	113	13.13778	mukavuus
12	11	1	10	13.00533	joustaa
13	33	0	33	12.72780	mukav
14	36	0	36	12.54105	savuke
15	17	16	1	12.23481	soo
16	106	101	5	12.19151	erilainen
17	55	54	1	12.12373	rautasänky
18	20	0	20	12.09204	muk
19	49	49	0	12.07058	petos
20	101	9	92	12.00533	varustaa
21	279	8	271	11.89823	isä
22	47	45	2	11.84110	arvoinen
23	15	0	15	11.76926	haltija
24	10	1	9	11.66429	tilanne
25	70	7	63	11.54965	järjestelmä
26	14	14	0	11.51501	bmk
27	10	3	7	11.48596	draama
28	26	15	11	11.44524	oppikoulu
29	23	3	20	11.39961	oleskella
30	24	4	20	11.34871	mallita
31	88	10	78	11.33892	yhteiskunta
32	107	103	4	11.26971	malmi
33	15	15	0	11.22106	alkoovi
34	10	2	8	11.15733	keksintö
35	14	4	10	11.13086	kokoonpano
36	10	10	0	11.09204	esiintuoda
37	67	13	54	11.02885	vallita
38	21	12	9	10.95470	aurinkoinen
39	10	1	9	10.87880	lita
40	10	1	9	10.84613	maltiollinen
41	124	117	7	10.78627	rautatie
42	45	19	26	10.70060	huoneusto
43	34	5	29	10.68340	valtiollinen
44	38	3	35	10.62390	paras
45	15	1	14	10.61454	ammattiliitto
46	45	15	30	10.57435	kunnallinen
47	136	28	108	10.51285	enää
48	29	7	22	10.50869	kapitalistinen
49	16	1	15	10.43548	taantumus
50	12	9	3	10.42037	tätä
51	88	11	77	10.38973	kukaan
52	12	8	4	10.38735	työväenliike
53	12	2	10	10.37436	hallussa
54	11	2	9	10.37024	tiede
55	23	6	17	10.36902	työtaistelu
56	74	50	24	10.35473	keittiö
57	27	26	1	10.33395	pohjola
58	11	9	2	10.32180	tyytymättömyys
59	11	3	8	10.29484	voimakas
60	17	6	11	10.25990	sorto
61	10	10	0	10.19112	alkovi
62	70	63	7	10.18333	valmistaa
63	14	5	9	10.15924	säännös
64	36	27	9	10.14367	arvo
65	12	9	3	10.07722	erityisesti
66	15	3	12	10.05839	yhteiskunnallinen
67	12	5	7	10.05631	pula
68	15	8	7	10.05424	lainsäädäntö
69	12	4	8	10.05113	ilmiö
70	10	6	4	10.01740	ristiriita
71	99	23	76	10.01203	olo
72	23	4	19	9.97175	politiikka
73	14	3	11	9.97138	aikainen
74	10	2	8	9.94644	jäsenmäärä
75	36	10	26	9.94483	mahdoton
76	10	2	8	9.92354	söörnäinen
77	20	15	5	9.90379	ainakaan
78	46	9	37	9.89954	käytäntö
79	12	2	10	9.85784	yhteis
80	10	2	8	9.83541	työolot
81	17	3	14	9.83541	sin
82	19	6	13	9.82699	miltei
83	10	3	7	9.81946	säännöllisesti
84	15	10	5	9.81770	selostaa
85	11	8	3	9.81132	venä
86	31	11	20	9.80978	suunta
87	11	5	6	9.80180	äänioikeus
88	12	4	8	9.79155	mitenkään
89	13	12	1	9.74384	kuvata
90	11	7	4	9.71433	suureksi
91	18	4	14	9.69952	ien
92	12	11	1	9.67940	minkälainen
93	173	27	146	9.67398	ainoastaan
94	10	3	7	9.65483	rakennustyöläinen
95	11	5	6	9.64458	pyrkimys
96	12	5	7	9.63222	olosuhteet
97	11	8	3	9.63187	käytännöllinen
98	23	15	8	9.63004	kaunis
99	11	1	10	9.62346	tilalle
100	10	2	8	9.62220	luonne
101	20	9	11	9.60388	epäkohta
102	12	6	6	9.59406	paljoa
103	18	9	9	9.58779	työttömyys
104	17	8	9	9.57447	kehittyä
105	190	52	138	9.57261	asema
106	13	2	11	9.56622	tuotanto
107	51	12	39	9.53735	voima
108	13	7	6	9.53251	osittain
109	11	6	5	9.51057	sottaa
110	12	11	1	9.49578	selko
111	20	4	16	9.49437	kunto
112	28	12	16	9.49076	balkan
113	10	1	9	9.48596	pääministeri
114	11	5	6	9.48367	verrata
115	17	11	6	9.47074	parihuone
116	29	24	5	9.46813	muutos
117	12	6	6	9.46790	poliisilaitos
118	168	35	133	9.46593	käydä
119	11	3	8	9.46101	työehto
120	142	30	112	9.45146	käyttää
121	12	5	7	9.45074	persia
122	138	125	13	9.44734	joukko
123	92	81	11	9.44453	huom
124	20	8	12	9.43649	vaikea
125	32	9	23	9.43548	taloudellinen
126	41	30	11	9.42821	merkitä
127	11	6	5	9.42767	mallas
128	164	126	38	9.42428	maksaa
129	12	5	7	9.41038	sosialismi
130	11	5	6	9.39509	alhainen
131	12	4	8	9.39390	palvelus
132	18	6	12	9.38735	kallis
133	13	8	5	9.38685	suuresti
134	10	3	7	9.38474	synnyttää
135	10	6	4	9.38084	toisin
136	22	10	12	9.37730	köyhälistö
137	16	4	12	9.36871	poliisimestari
138	13	3	10	9.36592	ansio
139	35	12	23	9.35983	käsittää
140	12	9	3	9.35189	opettaa
141	44	15	29	9.34409	kanta
142	21	13	8	9.32619	muodostaa
143	18	5	13	9.32143	lähes
144	20	9	11	9.31790	silla
145	60	56	4	9.30736	smk
146	45	36	9	9.30571	vuokrata
147	89	25	64	9.30448	tila
148	94	44	50	9.28807	paljon
149	11	8	3	9.27494	kauvan
150	14	5	9	9.27353	verran
151	13	10	3	9.26559	helppo
152	56	40	16	9.26130	huomauttaa
153	13	7	6	9.25456	uudistus
154	10	5	5	9.25044	historia
155	23	12	11	9.24812	kehitys
156	13	3	10	9.24634	perin
157	12	8	4	9.23862	kosla
158	21	7	14	9.23778	tehtävä
159	11	6	5	9.23594	edistää
160	14	10	4	9.23274	puolustaa
161	28	14	14	9.22272	puute
162	33	7	26	9.21683	muoto
163	20	7	13	9.21005	teollisuus
164	13	6	7	9.20062	porvarillinen
165	12	8	4	9.18941	parannus
166	14	11	3	9.18333	martaa
167	33	14	19	9.17628	parempi
168	11	2	9	9.16708	sairas
169	16	11	5	9.16403	paremmin
170	13	4	9	9.16145	puuttua
171	11	8	3	9.15491	kohtalo
172	10	3	7	9.15067	muodostua
173	26	5	21	9.14480	rakentaa
174	22	7	15	9.13983	järjestys
175	13	9	4	9.13845	riippua
176	30	9	21	9.13743	maailma
177	15	2	13	9.13524	työsopimus
178	15	11	4	9.12214	etenkin
179	30	5	25	9.11781	omistaja
180	16	10	6	9.11456	maito
181	14	4	10	9.11225	kurja
182	26	7	19	9.10710	vaatimus
183	32	15	17	9.10346	ainoa
184	13	11	2	9.10338	säilyttää
185	29	16	13	9.09292	työskennellä
186	17	13	4	9.09279	myöskään
187	14	4	10	9.08250	mahdollistaa
188	22	14	8	9.06959	tyytyä
189	12	4	8	9.05891	toteuttaa
190	293	211	82	9.05787	kuin
191	10	3	7	9.05424	perus
192	22	5	17	9.04691	sangen
193	35	13	22	9.03395	ainakin
194	64	37	27	9.02519	ala
195	13	8	5	9.02395	muuttua
196	16	9	7	9.02044	kiina
197	55	23	32	9.02016	enemmän
198	19	11	8	9.01485	merkitys
199	37	18	19	9.00777	suhde
200	13	9	4	9.00533	kalustaa
201	42	15	27	9.00033	elämä
202	114	33	81	8.99613	hallitus
203	10	6	4	8.99336	minkäänlainen
204	13	7	6	8.98924	tehtää
205	24	14	10	8.97558	keskuudessa
206	10	4	6	8.97264	palvella
207	32	10	22	8.97007	huono
208	25	12	13	8.95570	voi
209	265	156	109	8.95539	suuri
210	10	3	7	8.95512	prokuraattori
211	86	47	39	8.95148	venäjä
212	17	9	8	8.94814	ero
213	15	4	11	8.94451	aima
214	14	5	9	8.94027	seisoa
215	29	16	13	8.93850	johtua
216	10	4	6	8.93781	mon
217	29	17	12	8.93455	lienee
218	71	22	49	8.93188	senaatti
219	86	27	59	8.93109	laki
220	11	4	7	8.93078	kurjuus
221	12	10	2	8.92970	lisääntyä
222	12	8	4	8.92023	kartano
223	35	10	25	8.90900	tarvita
224	29	10	19	8.90428	hoitaa
225	21	10	11	8.90313	kansakoulu
226	80	36	44	8.89055	palkka
227	17	12	5	8.88009	omata
228	125	65	60	8.87418	sellainen
229	10	6	4	8.85965	norja
230	10	1	9	8.84613	liene
231	95	69	26	8.84585	sillä
232	12	4	8	8.84210	jär
233	47	19	28	8.84110	moida
234	18	7	11	8.83838	hallinto
235	21	7	14	8.83795	val
236	27	10	17	8.83145	riittää
237	12	8	4	8.82874	niinkuin
238	21	9	12	8.82779	tosin
239	13	7	6	8.82721	var
240	23	8	15	8.82384	kokonaan
241	45	20	25	8.81770	nousta
242	19	1	18	8.81447	valta
243	51	40	11	8.81099	entinen
244	15	4	11	8.80893	massa
245	29	13	16	8.80352	luokka
246	10	5	5	8.80109	mukainen
247	13	3	10	8.79089	tapahtuma
248	59	26	33	8.78819	moi
249	38	15	23	8.78497	sota
250	25	15	10	8.78397	huo
251	12	5	7	8.78294	tuskin
252	22	9	13	8.78294	tarkoitus
253	15	4	11	8.78122	nauttia
254	14	8	6	8.77743	see
255	10	3	7	8.77523	useimmat
256	10	3	7	8.77267	hal
257	21	13	8	8.77194	esiintyä
258	17	8	9	8.76936	vero
259	23	9	14	8.76513	omistaa
260	27	14	13	8.76304	korkea
261	12	2	10	8.75951	kapitalisti
262	11	4	7	8.75510	siirtyä
263	59	29	30	8.75269	taistelu
264	27	14	13	8.75179	yhtä
265	15	4	11	8.74731	hetki
266	25	5	20	8.74129	lähemmin
267	12	3	9	8.73854	suur
268	10	7	3	8.73231	nimittää
269	19	11	8	8.73231	herättää
270	12	8	4	8.73024	työaika
271	22	7	15	8.72217	liian
272	13	6	7	8.70953	malttaa
273	13	6	7	8.70765	sitäpaitsi
274	10	8	2	8.70521	järjestäminen
275	12	4	8	8.68943	suinkaan
276	60	30	30	8.68340	kansa
277	11	5	6	8.68122	menetellä
278	42	30	12	8.67826	miten
279	13	8	5	8.67235	käsitys
280	25	16	9	8.67000	yleensä
281	22	10	12	8.66710	mu
282	14	8	6	8.65956	taistella
283	12	8	4	8.65562	työväestö
284	17	9	8	8.65262	poistaa
285	73	45	28	8.65180	määrä
286	10	6	4	8.65013	esimerkki
287	119	73	46	8.64946	vielä
288	10	4	6	8.64778	tavallinen
289	14	7	7	8.64778	sallia
290	19	9	10	8.64593	malta
291	19	16	3	8.64593	ajatella
292	26	16	10	8.64148	saksa
293	34	14	20	8.64090	duuma
294	13	6	7	8.63610	toa
295	31	18	13	8.63235	talonmies
296	55	21	34	8.62430	näyttää
297	18	10	8	8.62195	noudattaa
298	11	5	6	8.61301	myödä
299	12	8	4	8.61111	todella
300	26	7	19	8.61037	erittäin
301	12	7	5	8.60920	kieli
302	72	48	24	8.60793	mieli
303	28	13	15	8.59999	tarve
304	33	10	23	8.59851	vain
305	10	6	4	8.59481	tuma
306	12	5	7	8.59406	harjoittaa
307	23	14	9	8.59225	ammatillinen
308	54	29	25	8.58862	toiminta
309	10	7	3	8.58804	virka
310	23	10	13	8.57858	tuottaa
311	17	5	12	8.57447	luotsi
312	18	14	4	8.57287	tukea
313	30	10	20	8.57237	tärkeä
314	19	14	5	8.56559	lisätä
315	32	20	12	8.56101	esim
316	49	20	29	8.55934	joten
317	16	7	9	8.55275	set
318	11	5	6	8.55187	kiinnittää
319	19	1	18	8.55166	ase
320	28	17	11	8.55137	luku
321	13	4	9	8.55095	seutu
322	11	7	4	8.54988	ymmärtää
323	13	4	9	8.54758	suura
324	10	6	4	8.54590	korjata
325	60	40	20	8.54299	tuntea
326	11	9	2	8.54193	masto
327	244	174	70	8.53501	mikä
328	132	69	63	8.53337	suomi
329	31	13	18	8.53326	aivan
330	422	244	178	8.53316	ne
331	21	11	10	8.53243	mahdollinen
332	23	9	14	8.52795	venäläinen
333	41	29	12	8.52789	puhua
334	20	12	8	8.51776	ammattijärjestö
335	41	22	19	8.51687	juuri
336	16	5	11	8.51615	aiheuttaa
337	28	13	15	8.51424	määräys
338	11	9	2	8.51057	tua
339	21	7	14	8.50992	peruste
340	10	4	6	8.50921	heikko
341	181	32	149	8.50576	mk
342	18	4	14	8.50283	miljoona
343	21	4	17	8.50283	asetus
344	33	20	13	8.50090	toimenpide
345	24	16	8	8.49666	eä
346	143	87	56	8.49425	me
347	17	9	8	8.49412	nimittäin
348	14	6	8	8.49377	johto
349	19	11	8	8.49282	seuraus
350	40	12	28	8.48648	jolloin
351	16	3	13	8.48569	amerikka
352	16	11	5	8.48438	uudelleen
353	13	5	8	8.48177	toivoa
354	10	5	5	8.48177	laittaa
355	13	6	7	8.48016	sijaan
356	250	169	81	8.47993	kaikki
357	16	4	12	8.47525	kirkko
358	133	95	38	8.47174	huone
359	30	13	17	8.47135	ammatti
360	10	6	4	8.46928	kohota
361	21	13	8	8.46396	kuka
362	24	8	16	8.45672	sääntö
363	96	31	65	8.45159	nuo
364	34	12	22	8.45074	moni
365	14	8	6	8.44636	de
366	50	19	31	8.44625	nen
367	26	14	12	8.44603	kuinka
368	47	19	28	8.44358	työnantaja
369	15	6	9	8.44190	aita
370	43	31	12	8.44149	koska
371	53	29	24	8.44093	tahtoa
372	12	10	2	8.43548	osake
373	11	7	4	8.42951	sata
374	14	6	8	8.42898	taitaa
375	19	13	6	8.42883	kuva
376	13	7	6	8.42037	tun
377	14	8	6	8.42037	suhteen
378	54	27	27	8.41851	järjestö
379	49	26	23	8.41833	tä
380	35	8	27	8.41522	sopimus
381	10	2	8	8.41437	läh
382	18	14	4	8.41370	keskustella
383	21	10	11	8.41370	englanti
384	24	8	16	8.41287	kannattaa
385	325	157	168	8.41238	kun
386	11	8	3	8.40767	pohja
387	155	83	72	8.40763	voida
388	45	18	27	8.40751	eduskunta
389	17	14	3	8.40746	mielipide
390	36	23	13	8.39882	huomio
391	10	6	4	8.39259	mustata
392	44	19	25	8.38839	tapa
393	76	53	23	8.38752	kuten
394	20	8	12	8.38474	pai
395	21	6	15	8.38456	main
396	12	9	3	8.38409	omaisuus
397	43	27	16	8.38402	tällainen
398	755	391	364	8.37952	ei
399	25	10	15	8.37928	valtio
400	10	3	7	8.37889	kaikkiaan
401	21	8	13	8.37621	mai
402	16	10	6	8.37234	ylimääräinen
403	34	12	22	8.36885	penni
404	27	19	8	8.36576	koulu
405	20	11	9	8.36340	työmäki
406	11	4	7	8.35798	tuollainen
407	15	7	8	8.35763	luoda
408	20	8	12	8.35284	johtaa
409	14	6	8	8.34644	tarjota
410	94	57	37	8.34540	kaupunki
411	15	7	8	8.34490	män
412	49	18	31	8.34469	yli
413	20	11	9	8.34047	asua
414	10	1	9	8.34047	ale
415	14	4	10	8.33695	am
416	3111	1474	1637	8.33654	olla
417	28	15	13	8.33493	alainen
418	10	7	3	8.33479	ilmetä
419	55	31	24	8.33411	katsoa
420	68	58	10	8.33318	ä
421	192	99	93	8.33006	oma
422	39	23	16	8.32977	itä
423	192	81	111	8.32947	jo
424	16	10	6	8.32937	eittää
425	10	2	8	8.32914	opettaja
426	14	7	7	8.32485	täysin
427	76	42	34	8.32400	syy
428	17	8	9	8.32351	vähän
429	12	9	3	8.32039	armo
430	14	2	12	8.31950	edullinen
431	10	6	4	8.31790	merkki
432	1031	622	409	8.31530	se
433	101	74	27	8.31040	ettei
434	45	14	31	8.30901	toimia
435	15	10	5	8.30243	menettely
436	12	7	5	8.30027	varma
437	13	6	7	8.29497	armeija
438	14	5	9	8.29305	melkein
439	15	5	10	8.29261	tar
440	94	55	39	8.29040	liitto
441	806	532	274	8.29001	joka
442	188	70	118	8.28904	aika
443	72	29	43	8.28651	nähdä
444	34	14	20	8.28598	ai
445	21	10	11	8.28564	osottaa
446	14	7	7	8.28521	nim
447	17	10	7	8.28329	vuoksi
448	22	14	8	8.27741	kai
449	42	23	19	8.27655	puolue
450	17	6	11	8.27155	kulkea
451	55	27	28	8.27001	elää
452	18	6	12	8.26736	isäntä
453	102	35	67	8.26448	mukaan
454	72	39	33	8.26361	myöskin
455	34	16	18	8.25674	yhä
456	18	11	7	8.25540	keino
457	51	36	15	8.25534	lukea
458	13	4	9	8.25319	yh
459	40	20	20	8.25133	kyllä
460	36	17	19	8.24600	asettaa
461	14	7	7	8.24536	välillä
462	12	3	9	8.24304	nan
463	249	113	136	8.24210	niin
464	26	14	12	8.24157	järjestää
465	10	6	4	8.23626	korjaus
466	16	7	9	8.23604	vuokra
467	20	5	15	8.23538	usein
468	19	8	11	8.23367	pakottaa
469	30	15	15	8.23098	maikka
470	24	10	14	8.23054	odottaa
471	48	21	27	8.22616	liike
472	16	8	8	8.21961	rauha
473	12	7	5	8.21815	puo
474	13	7	6	8.21525	kyetä
475	131	60	71	8.21512	työläinen
476	12	6	6	8.21236	lista
477	13	4	9	8.21125	mar
478	19	9	10	8.20886	mara
479	18	13	5	8.20851	vaikka
480	20	9	11	8.20745	maaseutu
481	34	23	11	8.20659	yhdistys
482	37	25	12	8.20636	siten
483	26	12	14	8.20526	hyä
484	22	12	10	8.20502	pysyä
485	20	10	10	8.20228	luulla
486	11	7	4	8.19642	selitys
487	15	7	8	8.19569	kone
488	13	10	3	8.19270	todistaa
489	22	8	14	8.18941	järjestyä
490	14	10	4	8.18941	anoa
491	27	13	14	8.18847	nykyinen
492	731	532	199	8.18786	että
493	11	6	5	8.18709	tekijä
494	23	10	13	8.18608	ra
495	19	12	7	8.18538	ehto
496	22	10	12	8.18476	en
497	13	4	9	8.18352	ole
498	38	16	22	8.18180	fe
499	12	5	7	8.17385	manentaka
500	29	12	17	8.17331	toi
501	11	10	1	8.17321	joulu
502	51	34	17	8.17294	tietää
503	19	10	9	8.17288	takia
504	34	9	25	8.17244	hyvin
505	10	6	4	8.17244	es
506	35	17	18	8.16931	etu
507	20	12	8	8.16907	vai
508	10	3	7	8.16235	työtön
509	73	45	28	8.16219	kuulua
510	41	28	13	8.16117	siellä
511	15	9	6	8.16068	sairaala
512	20	13	7	8.15400	täyttää
513	41	18	23	8.15384	muutama
514	11	6	5	8.15188	raja
515	14	5	9	8.14972	tarpeellinen
516	21	12	9	8.14656	hankkia
517	40	22	18	8.14569	muuttaa
518	10	5	5	8.14569	hi
519	43	18	25	8.14158	tapahtua
520	37	20	17	8.13663	tapaus
521	22	11	11	8.13459	laitos
522	29	14	15	8.13199	tunti
523	22	11	11	8.13086	le
524	13	3	10	8.12960	enemmistö
525	14	8	6	8.12502	saha
526	39	9	30	8.12373	vaatia
527	47	18	29	8.12009	usea
528	230	143	87	8.11964	mutta
529	50	26	24	8.11521	markka
530	59	20	39	8.11483	eri
531	27	13	14	8.11396	den
532	26	17	9	8.11394	kohta
533	28	13	15	8.11340	mielä
534	15	9	6	8.11132	näkyä
535	60	35	25	8.11024	kuitenkin
536	215	116	99	8.10997	maa
537	18	9	9	8.10827	puhuja
538	62	37	25	8.10570	siis
539	20	4	16	8.10406	päättyä
540	94	36	58	8.10357	mikään
541	29	19	10	8.10342	samalla
542	29	13	16	8.10176	turkki
543	20	13	7	8.10165	esitys
544	23	7	16	8.10123	vasta
545	460	316	144	8.09952	tämä
546	35	16	19	8.09707	täällä
547	19	11	8	8.09507	mat
548	10	1	9	8.08567	yksinomaan
549	25	9	16	8.08186	rakennus
550	11	3	8	8.08106	milj
551	34	16	18	8.07877	koskea
552	61	19	42	8.07369	lakko
553	19	15	4	8.07335	seikka
554	19	9	10	8.07004	suu
555	18	9	9	8.06847	kestää
556	22	10	12	8.06459	vat
557	24	5	19	8.05696	henki
558	19	5	14	8.05522	johtaja
559	18	9	9	8.05459	tus
560	10	5	5	8.05424	irti
561	22	10	12	8.04691	man
562	24	11	13	8.04276	edes
563	55	30	25	8.04186	kysymys
564	24	13	11	8.04147	ajaa
565	14	6	8	8.03900	päin
566	53	26	27	8.03686	an
567	35	21	14	8.03614	ehdottaa
568	28	9	19	8.03133	ten
569	12	2	10	8.03060	osuuskauppa
570	13	6	7	8.02629	tuhat
571	12	5	7	8.02170	uhata
572	11	4	7	8.01906	toimittaja
573	21	12	9	8.01538	samoin
574	20	9	11	8.01513	alue
575	73	41	32	8.01359	osa
576	10	3	7	8.01135	tutkimus
577	25	12	13	8.01135	kauppa
578	11	5	6	8.00807	hoito
579	10	8	2	8.00233	tunnustaa
580	19	8	11	8.00217	kin
581	10	2	8	7.99933	kaikkialla
582	11	6	5	7.99716	loppua
583	18	10	8	7.99535	laatia
584	19	10	9	7.99430	siksi
585	24	10	14	7.99286	ihminen
586	17	4	13	7.99126	sanomalehti
587	18	8	10	7.98955	muta
588	14	9	5	7.98932	vä
589	26	17	9	7.98126	saattaa
590	12	4	8	7.97927	oppilas
591	12	8	4	7.97804	kärsiä
592	48	25	23	7.97344	tehdas
593	15	9	6	7.97166	meno
594	10	6	4	7.96824	tuntua
595	42	24	18	7.96406	vaan
596	37	20	17	7.96291	yhtiö
597	23	16	7	7.96284	yksityinen
598	15	9	6	7.95899	vapaa
599	43	24	19	7.95586	ma
600	19	12	7	7.94872	kylä
601	20	8	12	7.94283	tähti
602	18	13	5	7.94244	jotta
603	21	11	10	7.94164	vara
604	40	17	23	7.94104	joku
605	10	5	5	7.93924	jää
606	22	13	9	7.93794	lisäksi
607	48	17	31	7.93625	kaksi
608	96	47	49	7.93104	ta
609	42	19	23	7.92699	ka
610	10	4	6	7.92638	italia
611	26	14	12	7.92441	suomalainen
612	13	3	10	7.92005	ehkä
613	50	20	30	7.91957	johdos
614	178	95	83	7.91588	tehdä
615	25	17	8	7.91391	näin
616	43	16	27	7.90705	taka
617	22	11	11	7.90698	muuten
618	17	9	8	7.90627	fen
619	21	10	11	7.90446	vastata
620	30	25	5	7.90146	lausua
621	144	81	63	7.89420	pitää
622	18	9	9	7.89217	nykyään
623	10	8	2	7.89124	marte
624	15	7	8	7.89078	muka
625	12	5	7	7.88870	ki
626	54	23	31	7.88806	oikeus
627	12	6	6	7.88754	osata
628	70	38	32	7.88629	uusi
629	37	17	20	7.88275	täytyä
630	60	27	33	7.88224	ennen
631	12	7	5	7.87949	ruotsi
632	17	9	8	7.87686	perustaa
633	36	14	22	7.87605	yleinen
634	47	28	19	7.87488	mä
635	15	10	5	7.87239	kysyä
636	41	15	26	7.87237	toimi
637	11	4	7	7.86982	neljä
638	11	5	6	7.86857	sihteeri
639	20	14	6	7.86578	selittää
640	42	27	15	7.86464	tie
641	10	8	2	7.86373	laaja
642	12	7	5	7.86237	ryhmä
643	10	5	5	7.85423	kirjoittaa
644	100	57	43	7.85220	ia
645	48	33	15	7.84770	esittää
646	12	8	4	7.84546	ku
647	13	4	9	7.84365	keskustelu
648	11	9	2	7.84149	torppa
649	18	9	9	7.83541	kuitenkaan
650	64	39	25	7.83541	koko
651	80	56	24	7.82492	mainita
652	32	18	14	7.82252	joutua
653	11	6	5	7.81371	minen
654	23	8	15	7.81007	sopia
655	16	9	7	7.80975	sana
656	44	22	22	7.80388	hyvä
657	49	23	26	7.80093	kunta
658	13	7	6	7.80088	mäki
659	29	20	9	7.79947	kautta
660	32	18	14	7.79750	si
661	15	10	5	7.79415	yhteys
662	12	3	9	7.79371	lun
663	21	9	12	7.78785	puheenjohtaja
664	19	11	8	7.77888	paitsi
665	13	7	6	7.77799	sisältää
666	10	7	3	7.77267	sosialisti
667	31	15	16	7.77135	jokin
668	28	18	10	7.77057	pietari
669	46	28	18	7.76679	taa
670	12	4	8	7.76480	toimisto
671	22	15	7	7.76144	tulos
672	30	19	11	7.75909	piiri
673	62	31	31	7.75842	hinta
674	16	10	6	7.75819	syntyä
675	32	15	17	7.75661	viertotie
676	17	7	10	7.75517	ko
677	12	3	9	7.75424	kukin
678	14	6	8	7.75379	ci
679	13	8	5	7.74964	saa
680	35	18	17	7.74767	vastaan
681	23	10	13	7.74208	uusia
682	21	11	10	7.73113	fa
683	226	119	107	7.72726	tulla
684	14	4	10	7.72522	torppari
685	136	81	55	7.72065	asia
686	12	6	6	7.71993	estää
687	13	7	6	7.71614	meri
688	12	8	4	7.71582	anomus
689	144	69	75	7.71190	työ
690	79	50	29	7.71168	jos
691	63	41	22	7.70920	kanssa
692	21	11	10	7.70823	sen
693	16	8	8	7.69623	laskea
694	1493	779	714	7.69022	ja
695	24	11	13	7.68040	huomata
696	16	10	6	7.67591	tilaisuus
697	18	6	12	7.67408	valiokunta
698	37	22	15	7.67401	ehdotus
699	35	13	22	7.66701	pieni
700	11	5	6	7.66494	joki
701	21	8	13	7.66237	koettaa
702	14	6	8	7.66040	pykälä
703	16	10	6	7.65292	jakaa
704	12	7	5	7.64680	paikkakunta
705	10	4	6	7.64543	lu
706	22	11	11	7.64458	lainen
707	46	23	23	7.63407	työväki
708	12	5	7	7.63222	mestari
709	12	7	5	7.63029	kirja
710	17	10	7	7.62587	lääni
711	18	12	6	7.61811	tu
712	12	5	7	7.61015	ulkomaa
713	52	33	19	7.60686	tieto
714	23	12	11	7.60111	edelleen
715	12	7	5	7.59783	viimeinen
716	19	13	6	7.59564	vanha
717	13	8	5	7.59029	oikea
718	39	28	11	7.58683	tuo
719	41	31	10	7.58344	herra
720	10	5	5	7.57460	summa
721	81	44	37	7.57163	vuosi
722	20	12	8	7.57070	pitkä
723	34	17	17	7.56793	silloin
724	11	6	5	7.56793	julistaa
725	16	11	5	7.55137	asti
726	16	7	9	7.55069	ml
727	63	32	31	7.54677	sanoa
728	36	25	11	7.54651	kertoa
729	93	44	49	7.54261	nämä
730	49	35	14	7.54189	sitten
731	15	8	7	7.53936	muosi
732	83	38	45	7.53658	tai
733	11	7	4	7.53206	nut
734	16	7	9	7.52892	oi
735	13	9	4	7.52669	seura
736	65	33	32	7.51891	muu
737	30	20	10	7.51490	päästä
738	10	6	4	7.51241	sinne
739	40	22	18	7.50628	sa
740	12	2	10	7.50283	erottaa
741	53	36	17	7.50183	sama
742	23	15	8	7.49915	pois
743	23	15	8	7.49869	min
744	16	12	4	7.49688	ilmottaa
745	25	15	10	7.49226	myöntää
746	16	11	5	7.48963	perhe
747	11	2	9	7.48939	ni
748	104	52	52	7.48267	sekä
749	24	14	10	7.46747	va
750	11	4	7	7.46289	luu
751	49	31	18	7.45409	myös
752	10	6	4	7.45074	vas
753	10	6	4	7.44870	edellä
754	90	43	47	7.44665	antaa
755	70	33	37	7.43490	jäsen
756	23	13	10	7.43306	haluta
757	14	10	4	7.42970	tää
758	18	10	8	7.42650	mi
759	29	12	17	7.41657	la
760	10	5	5	7.41437	puu
761	10	6	4	7.41038	alle
762	46	27	19	7.40887	lehti
763	18	11	7	7.40817	käsi
764	57	26	31	7.40637	osasto
765	17	7	10	7.39931	halpa
766	26	14	12	7.39629	edustaja
767	14	6	8	7.39624	kieltää
768	24	10	14	7.38735	taas
769	131	77	54	7.38695	he
770	10	8	2	7.38670	voitto
771	30	17	13	7.37630	jäädä
772	13	7	6	7.36741	rata
773	18	12	6	7.36629	apu
774	49	28	21	7.35560	eräs
775	16	8	8	7.35249	tampere
776	16	6	10	7.34891	viedä
777	27	17	10	7.34694	aina
778	30	19	11	7.34427	päätös
779	18	15	3	7.34342	mm
780	13	8	5	7.34310	jatkaa
781	28	15	13	7.34135	ryhtyä
782	13	4	9	7.33363	ääni
783	49	25	24	7.33348	paikka
784	17	3	14	7.33346	kolme
785	10	5	5	7.32257	kilpailu
786	13	4	9	7.31632	lä
787	30	13	17	7.31479	työmies
788	51	34	17	7.29693	itse
789	11	5	6	7.29233	jatkua
790	11	8	3	7.29233	huolimatta
791	50	27	23	7.29163	päättää
792	32	14	18	7.29137	lapsi
793	40	23	17	7.29109	nainen
794	13	10	3	7.28862	na
795	84	35	49	7.28185	toinen
796	38	20	18	7.27837	seurata
797	260	141	119	7.26165	saada
798	14	3	11	7.25618	työntekijä
799	10	3	7	7.25401	vi
800	12	4	8	7.25341	tulo
801	10	9	1	7.23450	koti
802	12	6	6	7.23274	katu
803	13	5	8	7.22464	ti
804	19	11	8	7.22075	tuoda
805	10	4	6	7.21525	yhteinen
806	20	11	9	7.21135	ilman
807	13	6	7	7.21125	hra
808	214	119	95	7.20344	m
809	25	18	7	7.19078	henkilö
810	73	38	35	7.18976	ottaa
811	13	5	8	7.18613	dem
812	12	8	4	7.17949	lahti
813	17	11	6	7.16255	nimi
814	78	40	38	7.15225	helsinki
815	10	5	5	7.15067	z
816	15	10	5	7.14404	puolesta
817	20	15	5	7.14404	kulua
818	12	3	9	7.13497	kuukausi
819	12	5	7	7.13291	sos
820	24	8	16	7.13257	ensi
821	21	10	11	7.12541	te
822	17	7	10	7.11790	jokainen
823	13	6	7	7.11394	lausunto
824	20	7	13	7.11253	suorittaa
825	22	8	14	7.10941	määrätä
826	10	2	8	7.10487	tahi
827	34	21	13	7.10033	yksi
828	19	13	6	7.09171	panna
829	39	23	16	7.08841	alkaa
830	14	8	6	7.08420	puhe
831	13	8	5	7.08189	kuu
832	168	88	80	7.08123	hän
833	22	14	8	7.07388	li
834	263	78	185	7.06366	i
835	27	15	12	7.06007	kerta
836	25	10	15	7.03386	pää
837	16	10	6	7.02948	to
838	11	5	6	7.02459	maksu
839	51	22	29	7.00371	r
840	27	11	16	6.99341	linja
841	210	99	111	6.99197	n
842	15	8	7	6.98247	viipuri
843	12	7	5	6.97558	in
844	63	36	27	6.96708	nyt
845	30	14	16	6.94283	myydä
846	77	32	45	6.94129	mies
847	17	8	9	6.93882	raha
848	20	7	13	6.92638	pyytää
849	12	8	4	6.91081	pari
850	11	4	7	6.90826	ri
851	12	5	7	6.89971	komitea
852	51	31	20	6.89913	kokous
853	121	65	56	6.88934	s
854	12	7	5	6.86294	luona
855	27	12	15	6.85885	mennä
856	20	4	16	6.85863	poliisi
857	69	32	37	6.85372	j
858	10	5	5	6.84546	erä
859	13	4	9	6.82925	varten
860	10	8	2	6.81682	hyväksyä
861	15	9	6	6.81419	matka
862	12	4	8	6.80566	turku
863	26	17	9	6.80516	jättää
864	11	4	7	6.79470	il
865	11	8	3	6.79411	käsitellä
866	23	14	9	6.78939	ilmoittaa
867	30	17	13	6.78530	talo
868	11	4	7	6.76779	ostaa
869	13	6	7	6.75789	no
870	29	10	19	6.75457	päivä
871	18	12	6	6.75004	lähteä
872	10	5	5	6.69912	iso
873	56	37	19	6.66516	e
874	13	4	9	6.66457	toimittaa
875	253	64	189	6.65296	p
876	14	8	6	6.65281	johtokunta
877	11	7	4	6.62241	sattua
878	28	16	12	6.60181	puoli
879	16	4	12	6.53739	nuori
880	22	8	14	6.52739	saapua
881	13	6	7	6.51966	eilen
882	11	7	4	6.51932	juttu
883	16	5	11	6.50449	jälkeen
884	129	67	62	6.48149	a
885	90	45	45	6.47806	l
886	18	11	7	6.44507	minä
887	11	3	8	6.40497	d
888	18	9	9	6.38518	lähettää
889	39	12	27	6.37125	b
890	13	5	8	6.36852	c
891	93	38	55	6.36665	v
892	25	11	14	6.30120	heti
893	23	8	15	6.29228	u
894	14	6	8	6.27806	ilta
895	16	8	8	6.24433	g
896	17	8	9	6.24417	viime
897	55	37	18	6.21115	y
898	95	46	49	6.18524	o
899	11	6	5	6.03885	ii
900	99	43	56	5.99211	t
901	46	19	27	5.98168	h
902	26	14	12	5.96909	f
903	67	37	30	5.80122	k
904	16	7	9	5.65734	asunto
905	10	4	6	5.60104	tyttö
906	13	6	7	5.54758	pnä
907	11	6	5	3.62582	klo
