#Total No. of Collocate Types: 881
#Total No. of Collocate Tokens: 37778
1	39	0	39	13.76684	paperilaji
2	96	0	96	13.72244	joustin
3	75	0	75	13.69188	jouhipatja
4	16	16	0	13.67938	maailmansotakartta
5	15	0	15	13.67373	vihkoteos
6	103	0	103	13.27343	kuosi
7	38	0	38	13.15679	valokuvata
8	16	0	16	13.06640	voionmaa
9	10	0	10	12.91884	hallitusjärjestelmä
10	25	1	24	12.43341	maailmansota
11	19	19	0	12.37091	hienoki
12	96	1	95	12.32390	ihana
13	78	0	78	12.08646	mukav
14	17	0	17	12.04695	holsti
15	106	1	105	11.98696	mukavuus
16	162	2	160	11.98516	tilanne
17	22	0	22	11.97834	olotila
18	83	82	1	11.88921	rautasänky
19	20	20	0	11.43056	laillisesti
20	39	38	1	11.31077	ensiluokkainen
21	11	2	9	11.22627	aikataulu
22	19	1	18	11.22035	muk
23	27	24	3	11.20884	suojata
24	107	105	2	11.17739	erilainen
25	22	2	20	11.16018	tehokas
26	262	9	253	10.87693	isä
27	11	11	0	10.86872	alkovihuone
28	49	2	47	10.78909	järjestelmä
29	25	2	23	10.78134	keksintö
30	91	8	83	10.69909	yhteiskunta
31	12	11	1	10.69359	aurink
32	48	10	38	10.64790	olosuhteet
33	11	2	9	10.51202	aikakausi
34	96	15	81	10.49227	vallita
35	40	0	40	10.48144	pimeä
36	15	15	0	10.46428	rasia
37	27	3	24	10.40279	mallita
38	18	0	18	10.35933	eino
39	26	22	4	10.28240	aines
40	20	8	12	10.16990	oleskella
41	127	119	8	10.15747	valmistaa
42	178	39	139	10.10174	olo
43	10	4	6	10.02268	näköala
44	24	20	4	9.92135	aurinkoinen
45	22	11	11	9.89984	ilmiö
46	23	2	21	9.74351	sotatila
47	11	11	0	9.68711	tätä
48	11	2	9	9.64131	lainsäädäntö
49	40	39	1	9.61101	suositella
50	10	6	4	9.59691	silloinen
51	24	3	21	9.56064	helppo
52	44	41	3	9.51719	parihuone
53	11	1	10	9.49156	poliittinen
54	14	7	7	9.48144	työolot
55	11	9	2	9.47808	laajentaa
56	71	20	51	9.41177	työttömyys
57	12	1	11	9.38602	yhteis
58	13	4	9	9.37452	säännös
59	171	24	147	9.36931	sota
60	16	5	11	9.36170	tavaton
61	16	3	13	9.35321	kapitalistinen
62	46	18	28	9.28337	taloudellinen
63	57	10	47	9.28232	keino
64	17	8	9	9.28065	verrata
65	19	12	7	9.25654	elintarve
66	12	3	9	9.22768	porvaristo
67	16	11	5	9.17438	kuvata
68	10	1	9	9.16395	rantatie
69	21	2	19	9.16198	valtiollinen
70	15	5	10	9.14625	pyrkimys
71	19	1	18	9.11692	sulaa
72	18	4	14	9.11340	kurja
73	79	78	1	9.10484	keittiö
74	26	4	22	9.09659	vaikea
75	59	25	34	9.07963	kanta
76	24	1	23	9.07335	ehdottomasti
77	12	8	4	9.04802	mah
78	27	14	13	8.98063	kunnallinen
79	10	1	9	8.95434	pula
80	18	6	12	8.93395	politiikka
81	13	8	5	8.91653	kieltolaki
82	13	6	7	8.91269	sietää
83	193	52	141	8.90371	asema
84	15	6	9	8.90224	varsinkin
85	20	6	14	8.90141	kallis
86	12	6	6	8.89647	palvella
87	13	5	8	8.88985	europa
88	32	16	16	8.88726	kehitys
89	19	8	11	8.83735	maanomistaja
90	10	2	8	8.83138	kapitalismi
91	16	10	6	8.83020	semmoinen
92	19	14	5	8.82494	säilyttää
93	25	5	20	8.82198	isännöitsijä
94	19	8	11	8.81755	köyhälistö
95	12	4	8	8.81264	vallila
96	18	7	11	8.80234	ollenkaan
97	18	6	12	8.79721	melkoinen
98	12	3	9	8.78575	hallita
99	12	4	8	8.76684	liene
100	12	8	4	8.75934	muistuttaa
101	10	8	2	8.75785	poistaminen
102	25	21	4	8.75248	välttää
103	15	5	10	8.75189	pakko
104	26	7	19	8.74789	mahdoton
105	29	7	22	8.74677	käytäntö
106	13	6	7	8.74618	suuresti
107	12	4	8	8.74078	levitä
108	13	9	4	8.73936	kokemus
109	10	5	5	8.73562	turvata
110	11	0	11	8.73442	kirjo
111	15	6	9	8.71663	kurjuus
112	10	4	6	8.70075	kana
113	15	10	5	8.69359	etenkin
114	44	22	22	8.68034	johtua
115	11	1	10	8.67938	ien
116	12	7	5	8.66881	tuotanto
117	12	4	8	8.66881	aikainen
118	10	4	6	8.64997	korotus
119	13	4	9	8.63756	raaka
120	14	5	9	8.62875	vaikutus
121	32	19	13	8.62601	esiintyä
122	10	4	6	8.62524	vuokramies
123	10	3	7	8.61303	työpalkka
124	10	4	6	8.60495	pääministeri
125	12	5	7	8.60361	tuonti
126	149	125	24	8.59074	joukko
127	10	3	7	8.58494	paljoa
128	23	2	21	8.57787	vahvistaa
129	12	8	4	8.57372	ainakaan
130	11	4	7	8.55739	periaate
131	11	2	9	8.55739	harjoittaa
132	17	3	14	8.55509	hal
133	20	14	6	8.54961	niinkuin
134	15	7	8	8.54187	porvarillinen
135	10	6	4	8.53802	jännittää
136	22	9	13	8.53453	käynti
137	13	6	7	8.53064	martaa
138	11	1	10	8.52930	sin
139	19	10	9	8.52894	malttaa
140	53	26	27	8.50607	enää
141	26	11	15	8.50438	merkitys
142	13	2	11	8.50149	paremmin
143	93	25	68	8.49824	tila
144	10	3	7	8.49258	epä
145	30	17	13	8.48514	lienee
146	10	6	4	8.47774	täydellisesti
147	22	16	6	8.47138	keskustella
148	16	10	6	8.46992	mahdollisuus
149	11	3	8	8.46472	yhteiskunnallinen
150	59	22	37	8.46461	talonmies
151	41	12	29	8.46172	voima
152	31	10	21	8.44491	ase
153	33	16	17	8.43728	puute
154	11	4	7	8.43511	mukainen
155	141	51	90	8.43218	hallitus
156	12	7	5	8.42996	epäkohta
157	12	4	8	8.41811	osaksi
158	14	6	8	8.41432	vuokr
159	14	5	9	8.41432	miltei
160	33	12	21	8.41035	tähti
161	10	3	7	8.40227	liikenne
162	26	16	10	8.39984	työskennellä
163	10	5	5	8.39877	uudistus
164	29	6	23	8.39360	sangen
165	54	22	32	8.35871	nykyinen
166	14	9	5	8.35261	virka
167	22	5	17	8.34822	valta
168	10	3	7	8.33722	muo
169	16	6	10	8.33221	tuskin
170	28	14	14	8.32390	peruste
171	15	9	6	8.31618	hyöty
172	16	6	10	8.31563	mahdollistaa
173	36	7	29	8.31380	takia
174	10	3	7	8.31069	laillinen
175	21	6	15	8.31053	vaatimus
176	14	1	13	8.30741	lähes
177	39	13	26	8.30405	vuokra
178	28	13	15	8.30040	melkein
179	28	12	16	8.29111	miljoona
180	53	39	14	8.28958	entinen
181	55	36	19	8.28024	koska
182	13	12	1	8.27006	lukumäärä
183	17	10	7	8.26559	sijaita
184	31	16	15	8.26365	omistaa
185	13	8	5	8.26271	kasvaa
186	36	12	24	8.25992	huono
187	20	11	9	8.25588	vaikuttaa
188	14	6	8	8.25001	aihe
189	17	11	6	8.24882	tuollainen
190	67	27	40	8.24797	eduskunta
191	32	12	20	8.24230	johtaa
192	13	1	12	8.23606	laita
193	10	3	7	8.23390	runsaasti
194	21	11	10	8.22990	muutos
195	99	52	47	8.22658	venäjä
196	25	4	21	8.22582	ilmestyä
197	29	14	15	8.22181	huo
198	29	6	23	8.21755	asetus
199	12	2	10	8.20969	noin
200	23	9	14	8.20559	malta
201	24	7	17	8.20078	muoto
202	12	6	6	8.19952	myödä
203	64	12	52	8.19461	moi
204	25	16	9	8.19274	käsittää
205	36	25	11	8.18857	erittäin
206	23	6	17	8.18580	alentaa
207	10	2	8	8.18188	suoda
208	13	5	8	8.18188	paljo
209	17	11	6	8.18188	kohota
210	20	11	9	8.16544	tyytyä
211	13	12	1	8.15894	kaunis
212	294	75	219	8.15825	aika
213	10	6	4	8.15213	tyydyttää
214	10	3	7	8.15213	lanta
215	45	30	15	8.14821	miten
216	12	4	8	8.14479	suur
217	10	4	6	8.14332	kotimainen
218	27	10	17	8.13910	mahdollinen
219	11	3	8	8.13881	hin
220	15	8	7	8.13845	taistella
221	27	12	15	8.13479	ci
222	21	12	9	8.12987	tarpeellinen
223	32	14	18	8.12750	tuottaa
224	27	10	17	8.12726	kokonaan
225	20	2	18	8.12298	hetki
226	44	18	26	8.11971	työtön
227	46	16	30	8.11547	ihminen
228	31	12	19	8.11463	korkea
229	12	5	7	8.11340	välinen
230	23	10	13	8.11049	maailma
231	12	5	7	8.10863	kehittyä
232	51	41	10	8.10723	huomio
233	17	3	14	8.08612	järjestys
234	15	5	10	8.08501	kaikkiaan
235	94	51	43	8.08452	määrä
236	17	9	8	8.08281	tosin
237	11	8	3	8.08161	paha
238	12	8	4	8.07801	ent
239	252	184	68	8.07523	kuin
240	22	10	12	8.07019	rakentaa
241	18	9	9	8.06025	noudattaa
242	18	10	8	8.06025	laaja
243	257	124	133	8.05030	suuri
244	17	7	10	8.04856	nauttia
245	13	9	4	8.04311	siirtää
246	293	204	89	8.04124	kaikki
247	10	3	7	8.03892	seuraava
248	30	12	18	8.03801	yleensä
249	30	22	8	8.03529	seikka
250	31	7	24	8.02929	omistaja
251	11	7	4	8.01438	rahasto
252	48	26	22	8.00973	juuri
253	22	11	11	8.00952	eä
254	25	12	13	8.00449	ainoa
255	24	10	14	7.99976	jatkua
256	12	8	4	7.99865	riippua
257	33	17	16	7.99745	tarve
258	11	7	4	7.99505	perustaminen
259	66	22	44	7.99385	paljon
260	58	29	29	7.99001	toiminta
261	78	49	29	7.98817	palkka
262	81	58	23	7.98613	sillä
263	13	7	6	7.98145	prosentti
264	17	9	8	7.97778	menettely
265	14	1	13	7.96501	tapahtuma
266	12	5	7	7.95948	työväestö
267	140	57	83	7.95783	mukaan
268	12	5	7	7.95520	raskas
269	27	18	9	7.95282	vuokrata
270	22	8	14	7.95247	luokka
271	25	10	15	7.94819	ehkä
272	14	10	4	7.94666	ar
273	20	7	13	7.94283	uhata
274	10	2	8	7.93648	aima
275	21	5	16	7.93636	aita
276	10	4	6	7.93142	maata
277	30	14	16	7.92805	suhde
278	21	12	9	7.92793	yhteys
279	36	14	22	7.92135	valtio
280	20	13	7	7.92009	van
281	58	21	37	7.91832	laki
282	38	13	25	7.91805	elämä
283	10	7	3	7.91634	lämmin
284	32	20	12	7.91509	esim
285	33	18	15	7.91339	armeija
286	21	7	14	7.90886	seuraus
287	17	6	11	7.90593	val
288	14	8	6	7.90000	varma
289	11	1	10	7.89535	malli
290	20	6	14	7.89155	aiheuttaa
291	14	7	7	7.88245	köyhä
292	40	12	28	7.88236	aivan
293	12	6	6	7.88013	muuttua
294	15	6	9	7.87931	muodostaa
295	17	10	7	7.87845	kesäk
296	84	37	47	7.87346	käyttää
297	15	3	12	7.86316	edullinen
298	33	12	21	7.85922	määräys
299	24	14	10	7.85895	ajatella
300	20	5	15	7.85875	mu
301	78	50	28	7.85841	siis
302	17	6	11	7.85571	kyetä
303	11	8	3	7.85558	lisääntyä
304	35	26	9	7.85515	huomauttaa
305	20	11	9	7.85275	voi
306	21	8	13	7.84854	näkyä
307	37	16	21	7.84444	torppari
308	12	5	7	7.84005	sijaan
309	19	8	11	7.83984	luoda
310	39	22	17	7.83610	saattaa
311	16	6	10	7.83462	korottaa
312	20	8	12	7.83138	milj
313	19	6	13	7.82865	täysi
314	11	4	7	7.82753	suinkaan
315	29	12	17	7.82716	ranska
316	12	4	8	7.82628	tavallinen
317	10	4	6	7.82432	fennia
318	16	6	10	7.82286	täysin
319	15	9	6	7.81886	poistaa
320	19	12	7	7.81755	suo
321	21	9	12	7.81375	hoitaa
322	109	32	77	7.81307	nuo
323	47	16	31	7.81215	toimia
324	11	5	6	7.80842	pääoma
325	15	5	10	7.80336	ole
326	16	7	9	7.79817	keskuudessa
327	53	29	24	7.79736	muuttaa
328	192	95	97	7.79697	voida
329	18	7	11	7.79211	kirja
330	17	11	6	7.78418	estää
331	14	7	7	7.77978	makuuttaa
332	13	5	8	7.77903	enemmistö
333	15	10	5	7.77740	suhteen
334	22	16	6	7.77712	mara
335	22	10	12	7.77197	riittää
336	49	24	25	7.77098	kansa
337	24	11	13	7.77060	kannattaa
338	11	8	3	7.76889	vät
339	40	28	12	7.76628	toimenpide
340	11	8	3	7.75866	emä
341	10	5	5	7.75785	täydellinen
342	75	48	27	7.75636	kuten
343	14	7	7	7.74923	kilo
344	16	10	6	7.74864	sosialisti
345	16	0	16	7.74725	läh
346	23	15	8	7.74544	saha
347	14	9	5	7.73814	eittää
348	37	17	20	7.73789	yhä
349	15	3	12	7.73709	löytyä
350	35	17	18	7.73562	enemmän
351	42	25	17	7.73499	ala
352	24	8	16	7.72792	pakottaa
353	15	2	13	7.72244	suunta
354	11	5	6	7.72244	käsitys
355	25	15	10	7.72157	työntekijä
356	10	4	6	7.71808	tilasto
357	12	3	9	7.71699	ministeri
358	24	14	10	7.71518	huolimatta
359	128	55	73	7.70783	suomi
360	69	40	29	7.70262	kysymys
361	13	2	11	7.70075	yh
362	60	42	18	7.69860	mieli
363	17	17	0	7.69569	å
364	22	14	8	7.69489	rautatie
365	10	6	4	7.68575	tyä
366	12	10	2	7.68292	ymmärtää
367	145	117	28	7.68143	huone
368	39	22	17	7.67829	siten
369	34	13	21	7.67626	sopia
370	11	6	5	7.67360	valtuusto
371	21	17	4	7.67333	kauppias
372	34	13	21	7.67315	moida
373	11	4	7	7.67168	lan
374	33	19	14	7.67168	komitea
375	13	5	8	7.66962	puhelin
376	29	17	12	7.66627	kuinka
377	135	70	65	7.66359	me
378	30	18	12	7.66041	tulo
379	11	7	4	7.65831	tarkoitus
380	71	37	34	7.65773	maksaa
381	19	6	13	7.65282	meno
382	39	25	14	7.65083	lausua
383	105	86	19	7.64997	ettei
384	25	11	14	7.64914	tärkeä
385	12	9	3	7.64617	hallinto
386	41	21	20	7.64259	täällä
387	45	21	24	7.63847	näyttää
388	41	29	12	7.63705	tällainen
389	28	16	12	7.63608	sopimus
390	12	5	7	7.63584	suura
391	39	22	17	7.63492	joten
392	23	9	14	7.62951	asua
393	22	12	10	7.62636	ainakin
394	12	6	6	7.61879	pyrkiä
395	187	87	100	7.61861	jo
396	87	47	40	7.61779	sellainen
397	14	7	7	7.61564	rauha
398	11	4	7	7.61156	tunnustaa
399	24	9	15	7.60949	täyttää
400	10	7	3	7.60697	porvari
401	102	46	56	7.60657	hinta
402	27	13	14	7.60137	samoin
403	37	22	15	7.60017	alue
404	25	11	14	7.60012	paikkakunta
405	11	5	6	7.59146	pohja
406	19	9	10	7.58955	torppa
407	62	12	50	7.58886	johdos
408	220	153	67	7.58847	mikä
409	80	37	43	7.58494	kunta
410	28	12	16	7.58196	mielä
411	31	10	21	7.57829	jokainen
412	43	20	23	7.57747	yleinen
413	11	5	6	7.56806	laa
414	11	6	5	7.56627	saavuttaa
415	78	34	44	7.56616	kuulua
416	14	9	5	7.56297	de
417	13	10	3	7.55739	toistaiseksi
418	73	50	23	7.55312	syy
419	24	13	11	7.55009	maaseutu
420	34	17	17	7.54995	moni
421	34	19	15	7.54881	etu
422	24	14	10	7.54848	edes
423	14	5	9	7.54491	tee
424	41	30	11	7.54366	saksa
425	40	20	20	7.54187	koskea
426	707	354	353	7.54074	ei
427	113	48	65	7.54058	työläinen
428	23	17	6	7.53551	pankki
429	12	8	4	7.53482	sallia
430	66	36	30	7.53395	kuitenkin
431	19	10	9	7.53095	osuuskauppa
432	16	3	13	7.52724	liian
433	41	25	16	7.52680	yksityinen
434	14	11	3	7.52571	mielipide
435	10	6	4	7.52462	erota
436	34	17	17	7.51835	englanti
437	74	36	38	7.51507	yksi
438	28	16	12	7.50945	laskea
439	204	125	79	7.50871	työ
440	23	9	14	7.50740	päättyä
441	41	22	19	7.50646	tapa
442	63	21	42	7.50184	elää
443	12	7	5	7.50161	lopettaa
444	3127	1492	1635	7.50010	olla
445	12	6	6	7.49849	ratkaista
446	10	5	5	7.49444	ton
447	29	15	14	7.49232	vastata
448	10	7	3	7.48144	nan
449	14	6	8	7.47748	nim
450	966	556	410	7.47622	se
451	14	6	8	7.47616	työmäki
452	26	14	12	7.47151	tarvita
453	27	16	11	7.46984	henki
454	14	11	3	7.46567	todistaa
455	97	61	36	7.46362	kaupunki
456	270	174	96	7.46231	kun
457	17	7	10	7.46198	puhuja
458	19	8	11	7.46018	siksi
459	12	3	9	7.45547	teollisuus
460	11	1	10	7.45478	sata
461	11	6	5	7.45478	armo
462	177	93	84	7.44746	oma
463	23	14	9	7.44178	alku
464	10	4	6	7.44131	seisoa
465	12	11	1	7.44041	italia
466	755	585	170	7.43959	että
467	11	6	5	7.43837	fen
468	15	7	8	7.43652	tuntua
469	12	6	6	7.43145	kokoontua
470	42	14	28	7.43124	senaatti
471	33	20	13	7.43023	nousta
472	70	36	34	7.42877	nähdä
473	22	16	6	7.42861	sairaala
474	53	34	19	7.42699	katsoa
475	257	174	83	7.42650	mutta
476	71	28	43	7.41973	käydä
477	84	48	36	7.41769	vielä
478	11	7	4	7.40609	vero
479	89	54	35	7.40416	osa
480	736	492	244	7.40190	joka
481	59	32	27	7.39859	liitto
482	11	7	4	7.39813	irti
483	17	8	9	7.39282	kärsiä
484	18	11	7	7.39277	parempi
485	17	4	13	7.38976	vuoksi
486	30	19	11	7.38775	yhdistys
487	212	110	102	7.38730	maa
488	11	8	3	7.38235	un
489	40	13	27	7.38141	vaatia
490	29	18	11	7.37215	puhua
491	10	4	6	7.37109	kymmenen
492	15	9	6	7.36995	tuhat
493	88	43	45	7.36654	jäsen
494	12	5	7	7.36454	maali
495	53	26	27	7.35969	taa
496	21	13	8	7.35583	maikka
497	20	11	9	7.35321	hyä
498	41	22	19	7.35002	ma
499	14	6	8	7.34658	kolmas
500	10	3	7	7.33722	män
501	77	49	28	7.33709	kanssa
502	48	18	30	7.33221	yli
503	299	182	117	7.33090	ne
504	15	8	7	7.33054	kin
505	52	11	41	7.33029	ainoastaan
506	11	9	2	7.32994	tarkastaa
507	45	31	14	7.32758	vastaan
508	16	7	9	7.32390	so
509	12	7	5	7.31838	kotka
510	21	14	7	7.31681	alainen
511	108	59	49	7.31425	sanoa
512	20	14	6	7.31316	suu
513	25	12	13	7.31135	työnantaja
514	13	11	2	7.31120	kuva
515	12	4	8	7.31014	kone
516	19	13	6	7.30396	seura
517	42	18	24	7.30001	joutua
518	12	4	8	7.29652	jää
519	220	109	111	7.29133	niin
520	83	27	56	7.28623	uusi
521	43	29	14	7.28059	mä
522	10	4	6	7.27980	set
523	38	25	13	7.27921	yhtiö
524	11	4	7	7.27499	ku
525	10	8	2	7.27499	huoli
526	35	26	9	7.27270	ym
527	35	17	18	7.26631	nen
528	15	5	10	7.26540	yhtä
529	42	13	29	7.26282	usea
530	17	12	5	7.26278	kai
531	19	13	6	7.26239	pysyä
532	12	4	8	7.26169	muka
533	15	5	10	7.25904	rakennus
534	52	28	24	7.25600	tehdas
535	10	1	9	7.25272	neljäs
536	40	27	13	7.25074	mm
537	19	7	12	7.25072	hankkia
538	14	6	8	7.24889	merkitä
539	44	17	27	7.24613	markka
540	33	11	22	7.24423	hyvin
541	80	33	47	7.24093	mikään
542	49	23	26	7.23944	eri
543	15	6	9	7.23494	mai
544	389	256	133	7.23411	tämä
545	19	8	11	7.23177	laitos
546	18	10	8	7.23113	turkki
547	92	55	37	7.22549	jos
548	10	3	7	7.21532	toivoa
549	26	12	14	7.21461	piiri
550	13	7	6	7.20989	summa
551	20	7	13	7.20383	muuten
552	10	5	5	7.20155	arvo
553	24	12	12	7.19888	koettaa
554	18	7	11	7.19614	man
555	14	4	10	7.19482	lisätä
556	20	11	9	7.19319	jatkaa
557	37	14	23	7.19043	taistelu
558	16	8	8	7.18564	joki
559	11	9	2	7.18461	vesi
560	22	9	13	7.17983	järjestää
561	28	11	17	7.17973	jolloin
562	66	36	30	7.17121	koko
563	27	18	9	7.16582	käsitellä
564	13	4	9	7.16236	saakka
565	26	16	10	7.16179	ehdottaa
566	17	10	7	7.15994	vaikka
567	11	4	7	7.15749	ellei
568	21	11	10	7.15494	lisäksi
569	14	3	11	7.15318	kestää
570	12	5	7	7.15090	ankara
571	135	82	53	7.15082	asia
572	11	8	3	7.14945	taho
573	11	8	3	7.14945	liittyä
574	15	6	9	7.14821	järjestyä
575	26	17	9	7.14535	vanha
576	11	6	5	7.14146	tarjota
577	15	6	9	7.13748	vähän
578	31	13	18	7.13701	an
579	14	11	3	7.13436	tukea
580	14	10	4	7.13332	ehto
581	54	28	26	7.12860	seurata
582	35	14	21	7.12835	kauppa
583	135	72	63	7.12694	pitää
584	20	14	6	7.12370	den
585	23	15	8	7.11735	uusia
586	47	31	16	7.11625	pieni
587	40	17	23	7.11399	toimi
588	14	9	5	7.10761	mat
589	11	7	4	7.10733	herättää
590	21	9	12	7.10727	penni
591	18	8	10	7.10308	tilaisuus
592	15	9	6	7.10103	ko
593	17	10	7	7.10025	puu
594	22	11	11	7.09957	perhe
595	83	38	45	7.09919	ta
596	25	13	12	7.09781	apu
597	10	7	3	7.09583	seutu
598	40	24	16	7.09547	ryhtyä
599	29	18	11	7.09393	kyllä
600	10	5	5	7.09300	belgia
601	39	26	13	7.09296	tuntea
602	39	25	14	7.09260	lukea
603	15	8	7	7.09253	anomus
604	12	4	8	7.08971	yrittää
605	15	10	5	7.08314	perustaa
606	12	6	6	7.08267	vä
607	36	25	11	7.07956	siellä
608	13	8	5	7.07818	kukaan
609	22	6	16	7.07589	ai
610	42	31	11	7.07269	esittää
611	71	49	22	7.07208	mainita
612	22	5	17	7.07145	ti
613	33	15	18	7.06388	täytyä
614	157	74	83	7.06384	tehdä
615	13	8	5	7.06320	vapaa
616	55	30	25	7.06036	myöskin
617	235	120	115	7.05886	tulla
618	22	9	13	7.05697	ten
619	16	10	6	7.05603	tää
620	10	6	4	7.05534	yhtyä
621	15	3	12	7.05351	vai
622	16	11	5	7.05345	selittää
623	18	15	3	7.05183	lausunto
624	17	11	6	7.04695	kuitenkaan
625	15	7	8	7.04620	le
626	11	8	3	7.04512	kuka
627	31	20	11	7.04243	tuoda
628	25	18	7	7.04219	puolue
629	16	8	8	7.04147	luulla
630	23	16	7	7.03951	edelleen
631	17	12	5	7.03412	luku
632	48	18	30	7.03100	tuo
633	47	21	26	7.02796	saksalainen
634	11	8	3	7.02660	kirkko
635	19	12	7	7.02112	osottaa
636	34	27	7	7.01865	ehdotus
637	28	9	19	7.01625	va
638	64	45	19	7.01488	tieto
639	39	26	13	7.01332	tietää
640	14	8	6	7.01195	duuma
641	15	6	9	7.01106	ruotsi
642	14	2	12	7.01004	tavata
643	37	17	20	7.00763	taka
644	14	8	6	7.00719	vat
645	23	13	10	7.00615	samalla
646	40	24	16	7.00363	liike
647	15	6	9	6.99954	na
648	17	10	7	6.99788	ääni
649	24	12	12	6.99315	tapaus
650	14	6	8	6.98454	main
651	157	93	64	6.98398	he
652	18	9	9	6.97894	jotta
653	21	12	9	6.97490	tunti
654	16	9	7	6.97324	esitys
655	131	56	75	6.97213	sekä
656	39	26	13	6.97176	tie
657	16	8	8	6.96756	fe
658	10	2	8	6.96465	osata
659	30	13	17	6.95991	tä
660	19	8	11	6.95677	odottaa
661	12	8	4	6.95627	rata
662	24	6	18	6.95573	vain
663	13	6	7	6.94764	nä
664	15	7	8	6.94581	kulkea
665	17	10	7	6.94291	lä
666	12	2	10	6.94135	sääntö
667	12	6	6	6.93079	lun
668	18	9	9	6.93044	koulu
669	15	8	7	6.92890	oikea
670	19	11	8	6.92863	tampere
671	30	16	14	6.92680	tahtoa
672	104	54	50	6.92570	ottaa
673	27	17	10	6.92507	asettaa
674	61	30	31	6.91950	päättää
675	35	14	21	6.91598	vaan
676	28	15	13	6.90753	si
677	12	5	7	6.90472	amerikka
678	10	5	5	6.90018	neljä
679	15	8	7	6.89894	venäläinen
680	92	49	43	6.88899	nämä
681	14	8	6	6.88682	metsä
682	15	9	6	6.88257	jakaa
683	17	11	6	6.87917	asti
684	21	10	11	6.87839	kolme
685	1566	758	808	6.87383	ja
686	22	11	11	6.87312	käsi
687	63	35	28	6.87144	kokous
688	22	9	13	6.87037	ilman
689	12	1	11	6.86095	tilata
690	12	9	3	6.85295	ranskalainen
691	40	22	18	6.85126	sa
692	17	12	5	6.84168	syntyä
693	21	9	12	6.83329	pari
694	17	8	9	6.82847	kohta
695	16	6	10	6.82506	paitsi
696	13	6	7	6.82342	nykyään
697	28	16	12	6.82056	ka
698	21	12	9	6.81931	edustaja
699	10	5	5	6.80684	laina
700	27	15	12	6.79892	myöntää
701	60	34	26	6.79760	itse
702	42	25	17	6.79749	hyvä
703	21	10	11	6.79666	järjestö
704	16	10	6	6.79458	sen
705	39	18	21	6.79191	työväki
706	25	17	8	6.79185	taas
707	10	5	5	6.78841	raja
708	30	14	16	6.78651	la
709	10	6	4	6.77362	mietintö
710	31	11	20	6.76502	määrätä
711	12	9	3	6.76496	täten
712	13	5	8	6.76251	ra
713	11	7	4	6.76172	pa
714	98	33	65	6.76098	antaa
715	13	8	5	6.75475	laatia
716	18	11	7	6.75313	lainen
717	18	12	6	6.75251	puhe
718	45	20	25	6.75214	ennen
719	20	12	8	6.75114	vara
720	63	30	33	6.74465	eräs
721	21	12	9	6.74183	lakko
722	26	15	11	6.73851	jokin
723	44	26	18	6.73818	myös
724	32	19	13	6.73652	jäädä
725	34	15	19	6.73277	työmies
726	18	11	7	6.73158	mi
727	10	2	8	6.73121	fa
728	34	21	13	6.72857	kerta
729	28	15	13	6.71894	te
730	15	7	8	6.71156	vasta
731	30	17	13	6.70326	pietari
732	33	19	14	6.70238	tapahtua
733	25	12	13	6.70161	panna
734	11	7	4	6.69391	sä
735	18	6	12	6.69240	nimi
736	10	6	4	6.69216	sisältää
737	25	13	12	6.69131	kautta
738	12	6	6	6.68735	yleisö
739	12	9	3	6.68380	luu
740	12	8	4	6.68292	ulkomaa
741	13	6	7	6.68019	muta
742	55	34	21	6.67899	talo
743	13	8	5	6.67774	edellinen
744	10	6	4	6.67620	molemmat
745	35	21	14	6.66580	osasto
746	15	7	8	6.66250	tu
747	11	6	5	6.65736	meri
748	12	4	8	6.65049	en
749	12	6	6	6.64703	kutsua
750	46	29	17	6.64362	sama
751	21	8	13	6.63805	itä
752	11	8	3	6.62172	sinä
753	15	8	7	6.61101	toi
754	49	25	24	6.60573	alkaa
755	75	40	35	6.60562	tai
756	11	2	9	6.60513	isäntä
757	11	3	8	6.59418	usein
758	12	6	6	6.59358	muosi
759	12	6	6	6.57537	tavara
760	15	7	8	6.56979	erä
761	15	6	9	6.56520	loppu
762	15	11	4	6.56325	näin
763	28	19	9	6.56122	herra
764	11	4	7	6.55384	laiva
765	51	28	23	6.55071	muu
766	12	4	8	6.54606	pitäjä
767	26	12	14	6.54469	raha
768	16	10	6	6.54284	pitkä
769	11	7	4	6.53627	tus
770	15	7	8	6.53098	suomalainen
771	45	29	16	6.52314	lehti
772	17	9	8	6.50890	to
773	12	2	10	6.50788	ed
774	83	50	33	6.49543	mk
775	80	40	40	6.48723	toinen
776	21	12	9	6.48408	huomata
777	14	12	2	6.48144	tulos
778	11	1	10	6.47892	johtaja
779	12	5	7	6.47759	puheenjohtaja
780	249	114	135	6.47739	saada
781	19	11	8	6.45826	ostaa
782	33	19	14	6.45506	oikeus
783	41	25	16	6.44667	puoli
784	10	5	5	6.44581	valiokunta
785	41	25	16	6.44074	nainen
786	21	14	7	6.42572	suorittaa
787	10	7	3	6.42077	sana
788	15	9	6	6.41457	ty
789	24	11	13	6.40380	päästä
790	21	12	9	6.40093	lahti
791	13	4	9	6.38913	turku
792	11	5	6	6.38471	juna
793	10	7	3	6.38227	ensimäinen
794	24	13	11	6.37309	henkilö
795	34	25	9	6.36621	ilmottaa
796	12	9	3	6.36596	hyväksyä
797	23	13	10	6.36559	aina
798	18	11	7	6.36312	varten
799	30	17	13	6.36085	lapsi
800	23	12	11	6.35339	muutama
801	24	12	12	6.35286	silloin
802	12	6	6	6.35180	kieltää
803	38	23	15	6.30568	sitten
804	28	8	20	6.30390	pää
805	10	5	5	6.28625	kuulla
806	19	10	9	6.28430	li
807	14	9	5	6.27670	viedä
808	11	8	3	6.25616	hra
809	17	13	4	6.24605	ilmoittaa
810	27	11	16	6.22797	linja
811	13	7	6	6.22589	sattua
812	20	10	10	6.22574	ensi
813	12	5	7	6.21033	maksu
814	12	8	4	6.20969	ml
815	156	69	87	6.20132	n
816	25	17	8	6.18699	kertoa
817	53	35	18	6.18486	vuosi
818	24	7	17	6.16445	kaksi
819	45	29	16	6.15590	ia
820	12	4	8	6.13445	ajaa
821	13	5	8	6.12966	halva
822	17	6	11	6.11536	viertotie
823	12	5	7	6.10803	iso
824	11	8	3	6.10474	halpa
825	61	26	35	6.09894	helsinki
826	61	40	21	6.08701	nyt
827	15	8	7	6.07894	juttu
828	16	9	7	6.07684	toimittaa
829	20	11	9	6.06779	jälkeen
830	35	15	20	6.06027	paikka
831	14	7	7	6.02778	viipuri
832	25	13	12	6.00848	jättää
833	46	11	35	6.00067	r
834	14	4	10	5.98407	d
835	163	94	69	5.97798	hän
836	11	7	4	5.96888	min
837	10	2	8	5.95948	sirkusk
838	13	5	8	5.95355	pois
839	11	7	4	5.94434	lääni
840	31	16	15	5.92277	päivä
841	25	10	15	5.90861	viime
842	23	15	8	5.90535	ä
843	18	13	5	5.90300	päätös
844	16	8	8	5.87581	joku
845	13	9	4	5.86597	haluta
846	20	9	11	5.85455	c
847	10	6	4	5.83315	il
848	19	9	10	5.82680	lähteä
849	25	16	9	5.82221	saapua
850	62	31	31	5.81086	mies
851	20	12	8	5.80452	lähettää
852	10	4	6	5.74725	luona
853	91	68	23	5.73457	l
854	94	63	31	5.71601	m
855	21	13	8	5.69819	mennä
856	29	8	21	5.69575	u
857	125	69	56	5.65264	a
858	54	23	31	5.64915	j
859	47	25	22	5.64008	e
860	109	48	61	5.63161	s
861	22	14	8	5.62125	asunto
862	15	10	5	5.61980	nuori
863	23	15	8	5.60499	minä
864	13	6	7	5.60387	pyytää
865	13	8	5	5.56943	poliisi
866	19	8	11	5.55380	myydä
867	32	22	10	5.54043	pnä
868	25	9	16	5.48533	heti
869	14	8	6	5.48144	ilta
870	89	52	37	5.44278	v
871	53	28	25	5.41394	h
872	27	16	11	5.35274	f
873	68	31	37	5.14856	o
874	181	105	76	5.10620	p
875	32	21	11	4.98671	y
876	94	49	45	4.91905	i
877	69	31	38	4.90769	k
878	59	29	30	4.68663	t
879	26	9	17	4.24169	klo
880	17	10	7	4.09931	b
881	11	5	6	3.16010	puh
