#Total No. of Collocate Types: 970
#Total No. of Collocate Tokens: 43892
1	17	0	17	21.65439	päivettyä
2	17	0	17	21.50239	kaunistusaine
3	10	10	0	21.47382	tanssin
4	17	0	17	21.18046	pisama
5	258	251	7	21.13337	ahdas
6	250	0	250	20.70264	kappa
7	18	3	15	20.58485	tuolettipiironki
8	10	0	10	20.41493	torpparilaki
9	221	10	211	20.27921	tilanne
10	44	0	44	20.23050	kuosi
11	31	0	31	20.15189	mukavuus
12	30	0	30	20.12018	mukav
13	13	1	12	20.07974	olotila
14	282	34	248	19.62492	puku
15	12	0	12	19.59390	tilan
16	11	0	11	19.44140	olinpaikka
17	25	3	22	19.36948	asiaintila
18	13	0	13	19.34983	maailmansota
19	20	0	20	19.25143	säilä
20	355	6	349	19.12838	isä
21	42	1	41	19.06848	pikainen
22	260	8	252	18.86365	alle
23	40	3	37	18.85911	valmistus
24	11	0	11	18.67272	voimassaoleva
25	23	2	21	18.63106	tehokas
26	47	7	40	18.54325	järjestelmä
27	24	3	21	18.47007	mallita
28	19	19	0	18.38487	kävelypuku
29	15	8	7	18.28619	hyötyä
30	14	2	12	18.26809	puutyöntekijä
31	184	22	162	18.23528	olo
32	75	8	67	18.22589	vallita
33	260	249	11	18.20368	herra
34	40	8	32	18.11920	olosuhteet
35	11	2	9	18.09825	kokoonpano
36	10	2	8	18.08150	käki
37	13	6	7	18.04498	kuvaus
38	17	16	1	18.03642	rasia
39	317	265	52	17.97776	johdos
40	10	0	10	17.96075	ahtaa
41	16	7	9	17.92950	oleskella
42	49	2	47	17.84575	taata
43	68	13	55	17.81729	kallis
44	10	3	7	17.73686	tärkki
45	32	5	27	17.67886	yhteiskunta
46	22	9	13	17.64939	kangas
47	29	13	16	17.61756	tuotanto
48	260	16	244	17.61011	ym
49	22	7	15	17.57790	pula
50	10	1	9	17.54308	tiede
51	21	11	10	17.47812	nykyaika
52	18	6	12	17.47633	ilmiö
53	14	12	2	17.46739	pohtia
54	35	10	25	17.46313	rajahinta
55	10	4	6	17.45145	kallistua
56	11	8	3	17.44809	toive
57	298	256	42	17.41034	myydä
58	39	10	29	17.39655	vaikea
59	70	57	13	17.34160	valmistaa
60	70	36	34	17.28400	kanta
61	31	7	24	17.22549	mahdoton
62	15	3	12	17.20495	politiikka
63	20	11	9	17.20080	yhteiskunnallinen
64	666	356	310	17.16586	aika
65	69	56	13	17.13113	tilata
66	17	10	7	17.11351	sanomalehdistö
67	10	4	6	17.08150	vaikeus
68	10	4	6	17.08150	lainkaan
69	289	25	264	17.06512	puoli
70	51	14	37	17.03859	elintarve
71	53	14	39	17.03642	takia
72	17	7	10	17.02666	alhainen
73	18	6	12	17.01804	helppo
74	10	8	2	17.01439	viitata
75	13	7	6	17.01103	työpalkka
76	23	10	13	16.99832	martaa
77	37	15	22	16.99648	merkitys
78	15	8	7	16.98911	verrata
79	35	12	23	16.98656	taloudellinen
80	17	13	4	16.98197	opettaa
81	75	32	43	16.98126	korkea
82	19	14	5	16.97076	saanti
83	11	2	9	16.95311	liittotoimikunta
84	19	8	11	16.95136	aikainen
85	12	2	10	16.92521	aste
86	160	34	126	16.92307	sota
87	19	8	11	16.91600	entistää
88	16	5	11	16.91031	paljoa
89	17	3	14	16.90844	sin
90	18	7	11	16.88997	suinkaan
91	11	8	3	16.88795	persia
92	16	8	8	16.87887	puolustaa
93	30	9	21	16.87556	arvo
94	11	4	7	16.86537	sietää
95	14	13	1	16.85771	selko
96	19	9	10	16.85036	tyydyttää
97	26	11	15	16.84858	tapahtuma
98	12	7	5	16.84204	aines
99	15	13	2	16.83639	selostaa
100	17	17	0	16.82432	palttoo
101	11	3	8	16.82125	keskimäärin
102	13	4	9	16.81159	maan
103	18	9	9	16.80349	aima
104	14	8	6	16.79267	ainakaan
105	10	6	4	16.77338	käyttäminen
106	32	6	26	16.76388	muoto
107	11	4	7	16.75334	aikaansaada
108	12	2	10	16.75196	muoksi
109	30	7	23	16.73535	käytäntö
110	18	10	8	16.73185	myödä
111	66	49	17	16.72800	koska
112	28	16	12	16.71449	kurssi
113	32	21	11	16.71310	elanto
114	45	13	32	16.70221	riittää
115	24	13	11	16.69977	alentaa
116	10	7	3	16.69246	kosla
117	12	6	6	16.66718	punta
118	13	6	7	16.66251	suunnitella
119	13	3	10	16.66251	perin
120	10	6	4	16.66218	parannus
121	12	6	6	16.64234	työväestö
122	22	12	10	16.63214	aihe
123	12	7	5	16.62833	kieltolaki
124	30	4	26	16.62555	hetki
125	10	3	7	16.62416	elin
126	10	5	5	16.61999	järjestely
127	39	3	36	16.61818	sangen
128	26	14	12	16.61712	työskennellä
129	11	6	5	16.60757	pyrkimys
130	16	8	8	16.60243	arvella
131	15	7	8	16.59390	varustaa
132	10	0	10	16.58711	fin
133	14	5	9	16.57554	jär
134	98	50	48	16.57226	palkka
135	23	9	14	16.56867	käynti
136	22	16	6	16.56693	tosin
137	11	6	5	16.55966	jäsenmäärä
138	14	11	3	16.54421	suuruus
139	32	21	11	16.54333	kannattaa
140	57	23	34	16.53977	enää
141	50	39	11	16.53915	huomauttaa
142	22	17	5	16.53273	kehitys
143	19	12	7	16.53151	lukumäärä
144	12	2	10	16.52740	hoitaja
145	13	2	11	16.51843	pakolainen
146	24	19	5	16.51607	todistus
147	18	13	5	16.50804	hyöty
148	18	11	7	16.50590	säilyttää
149	12	4	8	16.50164	mon
150	22	7	15	16.49411	kunnallinen
151	11	3	8	16.49238	kirjo
152	15	11	4	16.49146	mars
153	13	2	11	16.47729	verrattain
154	25	16	9	16.47532	sia
155	12	4	8	16.47319	talous
156	22	11	11	16.47177	saha
157	11	5	6	16.46837	toteuttaa
158	11	2	9	16.46837	balkan
159	23	21	2	16.45790	keskustella
160	62	27	35	16.45564	enemmän
161	12	3	9	16.44837	vakava
162	18	1	17	16.44735	raskas
163	174	61	113	16.44403	asema
164	46	20	26	16.43069	puute
165	15	11	4	16.41493	tamara
166	19	7	12	16.41114	hin
167	24	19	5	16.40743	keskuudessa
168	14	4	10	16.40722	ansaita
169	18	6	12	16.40693	vaatimus
170	10	3	7	16.40057	havaita
171	11	7	4	16.39863	nousu
172	26	16	10	16.39838	keskustelu
173	40	27	13	16.39701	edes
174	27	6	21	16.37150	tähti
175	124	64	60	16.37110	kysymys
176	40	18	22	16.36879	voima
177	11	4	7	16.36656	ehdottomasti
178	10	2	8	16.36182	periaate
179	12	6	6	16.36182	ansio
180	67	19	48	16.35534	laki
181	15	1	14	16.35142	fredrikinkatu
182	12	0	12	16.34740	valikoima
183	12	10	2	16.34740	kauan
184	318	226	92	16.34659	kuin
185	45	22	23	16.34607	tuottaa
186	31	15	16	16.34454	tuntua
187	17	6	11	16.34050	see
188	27	14	13	16.33946	prosentti
189	10	3	7	16.33427	tys
190	23	5	18	16.33412	tee
191	12	3	9	16.33313	suuresti
192	22	10	12	16.33210	muka
193	12	8	4	16.33030	esimerkki
194	47	36	11	16.32927	miten
195	12	7	5	16.32182	minkäänlainen
196	25	10	15	16.31597	johto
197	34	22	12	16.31553	siksi
198	15	1	14	16.31059	tanssi
199	10	5	5	16.31059	semmoinen
200	44	19	25	16.30907	sopimus
201	54	36	18	16.30315	entinen
202	39	24	15	16.29945	kreikka
203	34	21	13	16.29782	duuma
204	15	5	10	16.29502	tuskin
205	17	7	10	16.29489	mahdollisuus
206	29	10	19	16.29106	maailma
207	20	4	16	16.29060	suura
208	25	15	10	16.28400	kohota
209	18	7	11	16.27016	järjestyä
210	19	6	13	16.26711	malttaa
211	31	9	22	16.25955	aiheuttaa
212	10	7	3	16.25143	maanviljelijä
213	10	3	7	16.24821	esi
214	11	8	3	16.24792	luottaa
215	14	8	6	16.24729	käsitys
216	15	8	7	16.24714	milja
217	88	53	35	16.24391	katsoa
218	22	11	11	16.24355	nimittäin
219	10	4	6	16.24180	moa
220	12	3	9	16.23967	ollenkaan
221	11	3	8	16.23918	puolueeton
222	23	12	11	16.23666	eduskunta
223	16	10	6	16.22906	maanomistaja
224	17	10	7	16.22813	enemmistö
225	82	22	60	16.22751	tila
226	18	6	12	16.22730	kehittyä
227	11	2	9	16.22187	kan
228	13	8	5	16.21329	hen
229	44	20	24	16.20973	tärkeä
230	34	18	16	16.20961	yleensä
231	17	6	11	16.20961	jen
232	14	9	5	16.20436	jopa
233	12	2	10	16.20288	muodostua
234	18	4	14	16.19942	asetus
235	53	40	13	16.19857	huomio
236	14	9	5	16.19770	perustaminen
237	192	71	121	16.19125	hinta
238	29	8	21	16.18651	päättyä
239	11	1	10	16.18506	puuta
240	16	9	7	16.18035	lisääntyä
241	88	44	44	16.18018	hallitus
242	13	6	7	16.17520	laita
243	15	10	5	16.17410	tyä
244	52	19	33	16.16934	torppari
245	14	3	11	16.16483	lähes
246	33	23	10	16.16195	ainakin
247	17	7	10	16.16076	laa
248	25	11	14	16.15550	sokeri
249	15	9	6	16.15390	riippua
250	20	7	13	16.15189	työmäki
251	18	4	14	16.14689	työttömyys
252	17	10	7	16.14660	muuttua
253	14	8	6	16.14120	ammatillinen
254	27	5	22	16.13639	aita
255	11	0	11	16.13020	myyd
256	27	11	16	16.12106	ainoa
257	16	6	10	16.11847	rahatoimikamari
258	77	50	27	16.11072	mieli
259	29	16	13	16.10901	torppa
260	18	6	12	16.10588	teollisuus
261	10	5	5	16.10459	neuvottelu
262	70	38	32	16.10334	venäjä
263	38	22	16	16.10214	maikka
264	11	4	7	16.10089	mahdollisesti
265	16	9	7	16.10023	tun
266	22	13	9	16.09825	käsittää
267	12	4	8	16.09782	mii
268	103	62	41	16.09721	työläinen
269	61	26	35	16.09205	moi
270	17	9	8	16.09130	ministeri
271	53	25	28	16.09082	moni
272	34	9	25	16.08285	erittäin
273	17	7	10	16.08117	tavallinen
274	79	54	25	16.07846	sillä
275	15	8	7	16.07199	mie
276	22	11	11	16.07087	tarjota
277	20	11	9	16.07010	tietysti
278	10	8	2	16.06726	kirjasto
279	23	15	8	16.06689	muutos
280	14	4	10	16.06443	välttää
281	76	32	44	16.05960	paljon
282	26	13	13	16.05575	yhteys
283	29	15	14	16.05471	mahdollinen
284	17	9	8	16.05118	erinäinen
285	18	5	13	16.05035	sallia
286	12	2	10	16.05035	mestari
287	15	8	7	16.04012	tua
288	31	10	21	16.03642	omistaja
289	59	21	38	16.03266	näyttää
290	12	8	4	16.02950	liikkua
291	15	7	8	16.02904	osuus
292	53	15	38	16.02858	jolloin
293	36	16	20	16.02720	suhde
294	12	6	6	16.02490	tarkastus
295	24	8	16	16.02376	kokonaan
296	10	5	5	16.02261	useimmat
297	125	97	28	16.01745	ettei
298	33	16	17	16.01555	penni
299	10	4	6	16.01439	sija
300	16	4	12	16.00893	sijaan
301	13	6	7	16.00267	menettely
302	16	6	10	16.00045	melkoinen
303	27	13	14	15.99989	voi
304	21	11	10	15.99989	tehtävä
305	43	17	26	15.99821	moida
306	99	46	53	15.99416	käyttää
307	33	18	15	15.98683	muta
308	36	15	21	15.98568	esim
309	10	6	4	15.98464	sii
310	210	90	120	15.98362	voida
311	112	69	43	15.97958	sellainen
312	157	81	76	15.97535	mukaan
313	15	9	6	15.97309	lata
314	69	35	34	15.96848	toiminta
315	25	7	18	15.96708	kestää
316	44	16	28	15.96687	elämä
317	13	9	4	15.96562	alennus
318	11	5	6	15.96507	etenkin
319	21	13	8	15.96301	laaja
320	15	6	9	15.96251	monta
321	19	7	12	15.96103	tarpeellinen
322	15	8	7	15.96075	siirtyä
323	10	6	4	15.95812	vaikutus
324	47	21	26	15.95773	osuuskauppa
325	25	12	13	15.95655	parempi
326	79	51	28	15.95317	kuten
327	14	8	6	15.94616	mahdollistaa
328	10	7	3	15.94504	itäinen
329	84	49	35	15.93873	syy
330	20	8	12	15.92950	työtön
331	12	5	7	15.92950	taistella
332	27	15	12	15.92474	johtua
333	115	37	78	15.92458	nuo
334	97	54	43	15.92050	nähdä
335	54	33	21	15.91668	nousta
336	22	11	11	15.91668	amerikka
337	10	6	4	15.91413	virka
338	12	3	9	15.90819	erikoinen
339	16	5	11	15.90713	malta
340	15	8	7	15.90059	puo
341	18	7	11	15.89555	muodostaa
342	51	28	23	15.89457	ala
343	12	8	4	15.88928	kustannus
344	14	8	6	15.88779	iä
345	273	200	73	15.88536	mikä
346	12	10	2	15.88303	laji
347	10	6	4	15.87639	tuote
348	10	1	9	15.87639	ien
349	28	18	10	15.87533	italia
350	17	8	9	15.87449	osuuskunta
351	10	3	7	15.87391	miltei
352	16	5	11	15.87267	nauttia
353	11	7	4	15.86986	suur
354	98	46	52	15.86951	määrä
355	219	102	117	15.86284	oma
356	15	8	7	15.86075	niinpä
357	11	5	6	15.85866	pääoma
358	11	6	5	15.85421	ylimääräinen
359	10	4	6	15.85421	selville
360	28	18	10	15.85247	seikka
361	15	6	9	15.84608	valta
362	29	11	18	15.84329	jatkua
363	17	8	9	15.84132	toistaiseksi
364	228	87	141	15.83694	suuri
365	49	18	31	15.82996	vaatia
366	10	4	6	15.82996	mia
367	15	8	7	15.82836	uhata
368	11	2	9	15.82342	pykälä
369	11	3	8	15.82342	järjestys
370	23	15	8	15.82267	tukea
371	15	5	10	15.82197	pyrkiä
372	114	62	52	15.82113	suomi
373	13	5	8	15.82075	kau
374	34	21	13	15.81659	osottaa
375	42	29	13	15.81289	lausua
376	11	9	2	15.81258	ajatus
377	26	12	14	15.81250	asua
378	17	13	4	15.81169	ttä
379	14	9	5	15.80612	jauho
380	21	10	11	15.79938	kuka
381	20	10	10	15.79786	peruste
382	10	2	8	15.79200	puola
383	21	4	17	15.78710	liian
384	19	11	8	15.78511	lienee
385	15	7	8	15.78421	noudattaa
386	12	5	7	15.78266	kolo
387	14	4	10	15.78266	kaikkialla
388	21	5	16	15.78155	melkein
389	18	8	10	15.77364	keino
390	12	9	3	15.77300	tekijä
391	14	12	2	15.77272	keittiö
392	915	741	174	15.77265	että
393	39	18	21	15.77018	joten
394	47	23	24	15.76886	an
395	17	8	9	15.76633	varasto
396	10	6	4	15.76416	ky
397	71	44	27	15.76345	siis
398	12	7	5	15.76340	san
399	42	14	28	15.76285	saattaa
400	32	19	13	15.76244	luku
401	15	12	3	15.75500	puoleen
402	27	14	13	15.75112	armeia
403	26	15	11	15.74642	rupla
404	18	9	9	15.74565	työntekijä
405	13	6	7	15.74555	poistaa
406	23	11	12	15.74078	vuoksi
407	39	20	19	15.73917	tällainen
408	10	6	4	15.73911	täydellinen
409	20	11	9	15.73911	eittää
410	16	7	9	15.73826	eä
411	19	12	7	15.73567	työnantaja
412	16	10	6	15.73263	set
413	58	30	28	15.73220	pietari
414	14	7	7	15.73203	omata
415	24	15	9	15.73123	luulla
416	11	8	3	15.73072	kruunu
417	14	5	9	15.72723	edullinen
418	13	7	6	15.72305	tyytyä
419	30	16	14	15.72190	sen
420	39	27	12	15.72133	edustaja
421	31	15	16	15.72095	mielä
422	22	15	7	15.72055	yhtä
423	21	9	12	15.71872	ehkä
424	15	8	7	15.71597	maali
425	29	13	16	15.71449	alku
426	29	9	20	15.71449	aivan
427	25	19	6	15.71360	selittää
428	14	7	7	15.71290	täysin
429	10	4	6	15.71227	tosi
430	26	18	8	15.71193	perustaa
431	45	24	21	15.70907	tahtoa
432	14	8	6	15.70658	yhtyä
433	30	13	17	15.70637	alainen
434	57	29	28	15.70363	tehdas
435	211	56	155	15.70098	työ
436	26	14	12	15.70089	laitos
437	77	38	39	15.69958	liitto
438	37	22	15	15.69660	toimenpide
439	45	24	21	15.69587	täytyä
440	21	10	11	15.69559	rakennus
441	35	13	22	15.69371	järjestö
442	35	18	17	15.69121	tarve
443	35	16	19	15.68934	uusia
444	25	11	14	15.68897	paikkakunta
445	13	11	2	15.68743	kirjelmä
446	12	4	8	15.68701	syli
447	16	7	9	15.68429	asukas
448	18	6	12	15.68278	meno
449	296	159	137	15.68113	kun
450	23	8	15	15.68110	isäntä
451	22	9	13	15.68059	raja
452	34	20	14	15.67584	kansa
453	11	6	5	15.67469	halko
454	73	35	38	15.66988	maksaa
455	14	7	7	15.66769	kiinnittää
456	28	13	15	15.66769	jokainen
457	46	20	26	15.66703	hyvin
458	14	9	5	15.66463	saavuttaa
459	22	9	13	15.66393	vuokra
460	39	20	19	15.66031	sopia
461	55	40	15	15.65829	lukea
462	14	5	9	15.65547	ratkaista
463	12	11	1	15.65471	mikäli
464	15	9	6	15.65364	ryhmä
465	186	88	98	15.65213	jo
466	10	4	6	15.64939	tunnustaa
467	30	13	17	15.64869	tarvita
468	40	29	11	15.64780	juuri
469	25	19	6	15.64685	pankki
470	3602	1759	1843	15.64664	olla
471	16	10	6	15.64014	vas
472	1108	644	464	15.63746	se
473	19	8	11	15.63495	vapaa
474	12	7	5	15.63357	suhteen
475	21	9	12	15.63332	merkitä
476	20	12	8	15.63042	ajatella
477	11	8	3	15.62643	kuljettaa
478	16	7	9	15.62572	tuhat
479	11	4	7	15.62264	loppua
480	24	9	15	15.62138	maaseutu
481	717	385	332	15.61999	ei
482	27	11	16	15.61984	hyä
483	28	9	19	15.61791	lisäksi
484	11	5	6	15.61320	väestö
485	22	14	8	15.61320	johtaa
486	257	110	147	15.61279	niin
487	23	14	9	15.61206	vaikka
488	20	6	14	15.60448	so
489	16	9	7	15.60243	rakentaa
490	70	40	30	15.59526	kuitenkin
491	52	19	33	15.59455	usea
492	33	21	12	15.59142	vastata
493	15	7	8	15.59118	kyetä
494	31	9	22	15.59039	ihminen
495	21	6	15	15.59001	pakottaa
496	10	5	5	15.58914	nahka
497	55	32	23	15.58563	taka
498	26	16	10	15.58555	henki
499	19	11	8	15.58177	ehto
500	75	48	27	15.57712	ennen
501	12	4	8	15.57530	nuoriso
502	387	234	153	15.57477	ne
503	456	288	168	15.57332	tämä
504	24	12	12	15.56860	tää
505	20	8	12	15.56093	huono
506	22	12	10	15.55695	tus
507	10	8	2	15.55099	sää
508	18	11	7	15.54923	korottaa
509	11	5	6	15.54883	kymmenen
510	55	29	26	15.54595	tuntea
511	11	2	9	15.54344	vahvistaa
512	207	117	90	15.54093	kaikki
513	23	9	14	15.53761	suunta
514	39	20	19	15.53693	kyllä
515	17	10	7	15.53661	tar
516	15	8	7	15.53653	estää
517	35	20	15	15.53578	koskea
518	65	31	34	15.53281	elää
519	14	3	11	15.53159	miljoona
520	31	15	16	15.52992	toi
521	20	11	9	15.52935	kauppias
522	38	16	22	15.52638	tapa
523	24	16	8	15.52578	kuinka
524	23	15	8	15.51979	ehdottaa
525	36	27	9	15.51930	ehdotus
526	14	7	7	15.51216	vero
527	30	18	12	15.51125	ruotsi
528	21	8	13	15.51079	kin
529	54	25	29	15.51053	mä
530	35	22	13	15.50914	piiri
531	23	13	10	15.50887	muuten
532	11	5	6	15.50804	fen
533	15	3	12	15.50547	ase
534	239	137	102	15.50498	maa
535	10	2	8	15.50228	touko
536	21	16	5	15.50073	kuitenkaan
537	13	6	7	15.50066	herättää
538	47	24	23	15.50028	saksa
539	10	8	2	15.49845	hiukan
540	31	18	13	15.49629	etu
541	80	43	37	15.49463	kuulua
542	11	5	6	15.49411	kunto
543	13	6	7	15.49185	hallinto
544	20	11	9	15.48988	kai
545	182	94	88	15.48684	mk
546	33	26	7	15.48261	siten
547	90	65	25	15.48219	tieto
548	84	45	39	15.48082	vielä
549	43	17	26	15.47969	toimia
550	104	62	42	15.47910	osa
551	23	18	5	15.47742	pysyä
552	85	34	51	15.47603	mikään
553	13	5	8	15.47585	sotajoukko
554	27	17	10	15.47563	syntyä
555	28	18	10	15.47409	den
556	16	8	8	15.47007	oppilas
557	11	6	5	15.47007	nopeasti
558	11	7	4	15.47007	birsh
559	42	17	25	15.46918	muuttaa
560	10	7	3	15.46259	syödä
561	15	10	5	15.45763	taho
562	94	49	45	15.45678	kunta
563	18	9	9	15.45351	mat
564	14	8	6	15.45277	ole
565	10	7	3	15.44960	lii
566	31	13	18	15.44669	yhä
567	22	12	10	15.44391	huolimatta
568	23	16	7	15.43705	puolesta
569	16	13	3	15.43536	summa
570	59	17	42	15.43307	ainoastaan
571	98	49	49	15.43084	jos
572	10	5	5	15.42761	epäillä
573	20	7	13	15.42579	vai
574	30	7	23	15.42579	ai
575	36	14	22	15.42549	yleinen
576	20	8	12	15.42035	valtio
577	25	14	11	15.41421	puolue
578	17	6	11	15.41281	maito
579	89	49	40	15.40886	mainita
580	50	28	22	15.40558	esittää
581	15	7	8	15.39819	ranska
582	21	14	7	15.39701	puhe
583	10	4	6	15.39345	pe
584	741	496	245	15.39019	joka
585	23	5	18	15.38851	milj
586	13	8	5	15.38609	varma
587	103	46	57	15.38324	kaupunki
588	118	65	53	15.38304	ta
589	16	10	6	15.38150	näkyä
590	26	18	8	15.37998	järjestää
591	10	6	4	15.37930	vaikuttaa
592	52	26	26	15.37896	toimi
593	29	18	11	15.37809	tulos
594	13	9	4	15.37660	vuokrata
595	122	64	58	15.37225	nämä
596	20	14	6	15.37141	fe
597	27	11	16	15.37086	määräys
598	95	47	48	15.36713	jäsen
599	17	11	6	15.36284	esitys
600	11	7	4	15.36024	mielipide
601	284	146	138	15.35888	tulla
602	18	8	10	15.35603	ulkomaa
603	55	27	28	15.35551	liike
604	17	6	11	15.35264	tahi
605	22	4	18	15.35237	usein
606	160	82	78	15.34895	pitää
607	29	16	13	15.34691	nykyinen
608	67	37	30	15.34633	hyvä
609	12	6	6	15.34168	esiintyä
610	61	32	29	15.34004	taa
611	11	4	7	15.33675	hei
612	14	5	9	15.33354	löytyä
613	12	9	3	15.33313	rauha
614	16	9	7	15.33171	yhteinen
615	23	19	4	15.33116	jotta
616	12	8	4	15.32323	numero
617	27	16	11	15.32182	käsitellä
618	56	15	41	15.31900	yli
619	31	17	14	15.31819	komitea
620	29	16	13	15.31755	ten
621	12	2	10	15.31339	talonmies
622	29	11	18	15.31001	tapaus
623	70	32	38	15.30963	käydä
624	98	58	40	15.30546	sanoa
625	15	11	4	15.30390	anoa
626	14	9	5	15.30342	aine
627	24	12	12	15.30084	englanti
628	16	10	6	15.29910	omistaa
629	29	18	11	15.29220	täällä
630	13	7	6	15.29136	pi
631	17	8	9	15.29002	ammatti
632	16	4	12	15.28874	toimikunta
633	25	15	10	15.28862	koulu
634	10	6	4	15.28564	nojalla
635	32	18	14	15.28358	asettaa
636	29	13	16	15.28025	yhdistys
637	26	12	14	15.27995	puhua
638	39	22	17	15.27826	tä
639	21	11	10	15.27820	täyttää
640	13	9	4	15.27490	lun
641	48	34	14	15.27197	tietää
642	13	6	7	15.26362	kilpailu
643	14	10	4	15.26112	voitto
644	17	13	4	15.25636	ni
645	11	5	6	15.25377	kirkko
646	28	10	18	15.25246	samalla
647	74	38	36	15.25217	sama
648	22	12	10	15.24938	suu
649	16	4	12	15.24902	sääntö
650	13	9	4	15.24131	minen
651	14	7	7	15.23815	lisätä
652	28	15	13	15.23701	laskea
653	228	141	87	15.23526	mutta
654	20	8	12	15.22748	ra
655	13	10	3	15.22419	kansakoulu
656	137	85	52	15.22398	asia
657	46	20	26	15.22116	ryhtyä
658	15	9	6	15.21958	mkn
659	23	14	9	15.21876	hankkia
660	66	35	31	15.21805	myös
661	16	5	11	15.21624	meri
662	14	5	9	15.21105	osata
663	11	7	4	15.21044	var
664	18	8	10	15.20634	mai
665	12	7	5	15.20547	kuva
666	12	6	6	15.20028	kantaa
667	10	5	5	15.19925	tarkotus
668	13	4	9	15.19889	mäki
669	50	27	23	15.19708	tapahtua
670	17	7	10	15.19587	sä
671	50	23	27	15.19553	sa
672	20	9	11	15.19382	edellinen
673	80	55	25	15.19363	nainen
674	22	6	16	15.19347	samoin
675	12	9	3	15.19253	sisältää
676	36	16	20	15.18355	nen
677	14	4	10	15.18336	aikaisemmin
678	18	14	4	15.17971	vat
679	11	6	5	15.17809	tutkia
680	10	6	4	15.17614	korko
681	11	7	4	15.17531	luokka
682	16	6	10	15.17461	bulgaria
683	19	8	11	15.17180	hra
684	43	27	16	15.17124	kauppa
685	30	15	15	15.17106	vanha
686	19	9	10	15.17100	main
687	23	13	10	15.17030	odottaa
688	21	9	12	15.16917	kilo
689	15	11	4	15.16700	kysyä
690	53	23	30	15.16585	eri
691	11	5	6	15.16562	täysi
692	19	9	10	15.16540	sanomalehti
693	22	10	12	15.16493	lä
694	19	9	10	15.16460	ko
695	131	84	47	15.16434	me
696	11	8	3	15.16286	teko
697	42	17	25	15.16159	raha
698	12	8	4	15.15691	lu
699	160	88	72	15.15396	he
700	16	11	5	15.15377	kärsiä
701	43	28	15	15.15329	vastaan
702	43	17	26	15.15050	markka
703	17	7	10	15.14484	puheenjohtaja
704	13	7	6	15.13923	luoda
705	10	1	9	15.13843	valtuusto
706	45	13	32	15.13463	työmies
707	68	45	23	15.12540	lehti
708	23	10	13	15.12535	vara
709	38	24	14	15.12370	siellä
710	26	16	10	15.12215	mi
711	21	11	10	15.12074	laina
712	73	33	40	15.12073	uusi
713	11	5	6	15.10221	erityinen
714	15	9	6	15.09975	täten
715	11	4	7	15.09038	kirjottaa
716	15	11	4	15.09012	fa
717	10	6	4	15.08868	liittolainen
718	39	17	22	15.08599	suorittaa
719	13	8	5	15.08525	neljä
720	27	9	18	15.08235	vain
721	33	18	15	15.07432	myöntää
722	42	18	24	15.07389	työväki
723	44	28	16	15.07378	jäädä
724	15	6	9	15.07294	yhteensä
725	21	8	13	15.07050	asti
726	24	9	15	15.07034	ilman
727	15	9	6	15.06160	yleisö
728	11	6	5	15.05930	km
729	12	10	2	15.05855	kpl
730	16	7	9	15.05738	ki
731	10	7	3	15.05738	auttaa
732	18	9	9	15.05347	en
733	18	4	14	15.04492	man
734	79	36	43	15.04346	muu
735	15	12	3	15.04198	laatia
736	13	3	10	15.03962	van
737	66	30	36	15.03600	koko
738	14	9	5	15.03444	sana
739	69	34	35	15.03300	päättää
740	53	37	16	15.03067	seurata
741	10	5	5	15.02950	sata
742	51	32	19	15.02882	yksi
743	10	6	4	15.02812	liittyä
744	58	42	16	15.02736	huone
745	13	4	9	15.02578	pai
746	158	78	80	15.02557	tehdä
747	47	23	24	15.02056	pieni
748	33	17	16	15.01845	vaan
749	18	7	11	15.01728	ci
750	30	18	12	15.01393	va
751	18	13	5	15.01196	tunti
752	15	7	8	15.01075	pa
753	11	6	5	15.00893	kukaan
754	47	23	24	14.99711	tuo
755	12	9	3	14.99651	serbia
756	17	14	3	14.99539	yksityinen
757	12	5	7	14.99427	myynti
758	33	12	21	14.99375	jokin
759	13	10	3	14.99125	lausunto
760	18	10	8	14.99015	ääni
761	10	6	4	14.99001	sm
762	39	21	18	14.98849	päästä
763	13	6	7	14.98815	mara
764	31	21	10	14.98542	varten
765	38	14	24	14.98232	taistelu
766	19	13	6	14.97916	tulo
767	42	25	17	14.97720	kerta
768	10	5	5	14.97265	seuraus
769	30	18	12	14.97132	yhtiö
770	12	6	6	14.97088	ranskalainen
771	12	6	6	14.96977	vä
772	25	11	14	14.96391	to
773	12	4	8	14.95987	halpa
774	13	6	7	14.95954	huo
775	15	7	8	14.95812	oi
776	11	8	3	14.93537	turkki
777	17	8	9	14.92345	jakaa
778	15	6	9	14.92094	jälleen
779	20	9	11	14.91987	koettaa
780	45	20	25	14.91243	osasto
781	10	7	3	14.91031	marte
782	16	3	13	14.90634	muosi
783	10	5	5	14.89639	kääntyä
784	68	48	20	14.89524	kokous
785	17	13	4	14.89358	näin
786	22	9	13	14.89137	tavara
787	33	11	22	14.88795	joutua
788	29	18	11	14.88748	taas
789	18	12	6	14.88649	seutu
790	28	15	13	14.88645	senaatti
791	60	23	37	14.87618	alkaa
792	24	10	14	14.87473	lainen
793	17	5	12	14.86577	halva
794	16	11	5	14.85651	rautatie
795	19	7	12	14.83949	paitsi
796	18	16	2	14.82663	perhe
797	13	8	5	14.82535	aikoa
798	20	7	13	14.82277	na
799	13	8	5	14.82259	johtaja
800	30	11	19	14.82157	huomata
801	34	20	14	14.81940	joku
802	12	4	8	14.81303	muistaa
803	29	14	15	14.80938	si
804	30	16	14	14.80809	mm
805	51	27	24	14.80565	myöskin
806	34	15	19	14.79331	oikeus
807	56	24	32	14.79329	itse
808	21	11	10	14.79267	edelleen
809	12	6	6	14.78460	vi
810	1554	762	792	14.78028	ja
811	29	17	12	14.78025	tuoda
812	15	10	5	14.77956	poliisi
813	18	5	13	14.76021	ti
814	14	8	6	14.75794	pros
815	20	12	8	14.74081	nimi
816	31	17	14	14.73431	määrätä
817	15	10	5	14.72936	jatkaa
818	14	6	8	14.72803	oikea
819	28	15	13	14.72523	kautta
820	115	53	62	14.72407	sekä
821	12	6	6	14.72005	kuulla
822	17	10	7	14.71514	apu
823	17	10	7	14.71123	suomalainen
824	12	5	7	14.70527	luu
825	53	23	30	14.69349	saksalainen
826	13	10	3	14.66746	onnistua
827	14	7	7	14.66693	kieltää
828	91	53	38	14.66533	antaa
829	15	6	9	14.66147	puu
830	51	27	24	14.65962	kanssa
831	13	3	10	14.65758	tavata
832	14	6	8	14.65091	kulkea
833	90	45	45	14.64821	toinen
834	10	6	4	14.64727	vastaus
835	75	46	29	14.63784	ia
836	13	8	5	14.63640	nykyään
837	32	13	19	14.62964	la
838	14	7	7	14.62908	kohta
839	17	8	9	14.62097	pitkä
840	21	11	10	14.61693	pyytää
841	18	11	7	14.61388	johtokunta
842	19	5	14	14.61029	ml
843	94	60	34	14.60472	ottaa
844	74	42	32	14.60451	vuosi
845	10	7	3	14.60346	nut
846	49	30	19	14.60023	sitten
847	28	13	15	14.59840	ensi
848	26	17	9	14.59730	silloin
849	36	19	17	14.59674	pää
850	22	13	9	14.59544	lääni
851	29	19	10	14.59308	ka
852	39	34	5	14.58425	kertoa
853	13	8	5	14.57776	seura
854	45	21	24	14.57318	joukko
855	18	8	10	14.56916	panna
856	21	13	8	14.56741	käsi
857	10	6	4	14.56593	vähän
858	16	9	7	14.56505	tu
859	14	6	8	14.56193	in
860	31	15	16	14.55278	lähettää
861	15	11	4	14.55231	tampere
862	21	11	10	14.55222	te
863	26	15	11	14.54931	ma
864	15	6	9	14.54440	iso
865	24	14	10	14.53759	rintama
866	26	17	9	14.53718	aina
867	19	5	14	14.52843	kolme
868	31	15	16	14.51894	tie
869	17	9	8	14.51655	loppu
870	10	6	4	14.51382	englantilainen
871	35	17	18	14.49927	alue
872	16	13	3	14.48715	kuukausi
873	16	10	6	14.48124	pari
874	10	7	3	14.47852	välillä
875	12	9	3	14.47633	anomus
876	10	6	4	14.45608	ensimäinen
877	33	18	15	14.44446	ä
878	265	127	138	14.43936	saada
879	11	7	4	14.43224	lääkäri
880	71	32	39	14.43076	tai
881	32	23	9	14.42511	jättää
882	18	12	6	14.42347	pois
883	29	13	16	14.41897	muutama
884	24	14	10	14.40594	henkilö
885	21	11	10	14.38728	huom
886	14	11	3	14.37366	valita
887	13	8	5	14.37323	vasta
888	47	24	23	14.37165	eräs
889	10	5	5	14.36879	päin
890	16	7	9	14.36780	viedä
891	14	10	4	14.34638	maksu
892	73	27	46	14.34454	helsinki
893	10	3	7	14.33768	nä
894	39	32	7	14.32746	ilmottaa
895	10	6	4	14.31985	le
896	35	20	15	14.31563	saapua
897	21	12	9	14.30780	ostaa
898	39	19	20	14.29030	päivä
899	14	9	5	14.28153	il
900	17	9	8	14.27117	toimittaa
901	11	4	7	14.25304	joki
902	12	4	8	14.25237	juttu
903	47	25	22	14.25133	paikka
904	29	12	17	14.24500	kaksi
905	19	10	9	14.24037	li
906	24	15	9	14.23435	jälkeen
907	13	4	9	14.20368	ajaa
908	45	25	20	14.19615	talo
909	28	12	16	14.19106	mennä
910	24	8	16	14.18675	nuori
911	16	9	7	14.15943	matka
912	183	110	73	14.14501	hän
913	12	10	2	14.12522	erä
914	155	73	82	14.12509	n
915	11	10	1	14.11281	takaisin
916	19	14	5	14.11019	päätös
917	108	64	44	14.08527	m
918	12	9	3	14.07567	ilmoittaa
919	11	7	4	14.05930	sairaala
920	10	5	5	14.04337	viikko
921	11	6	5	14.04020	turku
922	158	70	88	14.02483	s
923	10	4	6	14.02192	kuu
924	10	6	4	14.01986	metsä
925	52	30	22	14.01300	nyt
926	71	37	34	14.01018	mies
927	26	11	15	13.99746	viime
928	10	5	5	13.92821	pitäjä
929	20	15	5	13.91476	haluta
930	13	4	9	13.90251	yö
931	11	6	5	13.89994	ranta
932	33	13	20	13.83306	u
933	10	4	6	13.82038	min
934	14	10	4	13.75264	ii
935	17	11	6	13.73918	kulua
936	14	8	6	13.73043	kylä
937	12	7	5	13.72936	no
938	50	25	25	13.69914	e
939	75	41	34	13.69232	h
940	88	46	42	13.68775	o
941	14	7	7	13.66119	d
942	14	5	9	13.63020	vihollinen
943	18	10	8	13.61187	lapsi
944	50	27	23	13.57991	j
945	12	7	5	13.56276	ty
946	13	9	4	13.48637	lähteä
947	29	16	13	13.46942	f
948	24	10	14	13.44645	asunto
949	11	3	8	13.43059	itä
950	33	13	20	13.36762	r
951	20	9	11	13.36443	minä
952	119	57	62	13.35748	i
953	95	48	47	13.31976	a
954	13	4	9	13.28850	c
955	27	18	9	13.28473	pnä
956	112	52	60	13.27790	t
957	81	46	35	13.26890	v
958	15	7	8	13.22853	g
959	29	18	11	13.12800	y
960	19	12	7	13.08147	heti
961	11	6	5	13.01513	tk
962	10	7	3	12.96174	poika
963	42	20	22	12.88734	l
964	11	3	8	12.88284	lahti
965	147	73	74	12.73611	p
966	12	7	5	12.52072	ip
967	25	12	13	12.43682	b
968	38	17	21	12.20784	k
969	16	1	15	11.54433	klo
970	13	10	3	11.47295	puh
